D,eta,C_uv_ee,C_uv_mumu,C_uv_tautau,C_match_ee,C_match_mumu,C_match_tautau,C_ir_ee,C_ir_mumu,C_ir_tautau,delta_C_match_mumu,abs_delta_C_match_mumu,delta_C_rge_mumu,abs_delta_C_rge_mumu,delta_C_mumu,abs_delta_C_mumu,rel_delta_C_mumu,mu_match,mu_low,log_ratio,finite_fac_diag,finite_fac_offdiag,kappa_diag,kappa_offdiag,finite_match_mode,kappa_diag_eff,kappa_offdiag_eff,shell_spread,coeff_cv,offdiag_mix,mu_mumu_uv_tree,mu_mumu_uv_rge,delta_mu_mumu,abs_delta_mu_mumu,chi2_uv_tree,chi2_uv_rge
4.0,0.2,0.00016277754232253458,0.0014758502143104744,0.0003435162004482209,0.00016291501182316982,0.001477096604869509,0.0003438063080383832,0.00016342584656579482,0.0014817281747631405,0.0003448843437879081,1.246390559034652e-06,1.246390559034652e-06,4.631569893631367e-06,4.631569893631367e-06,5.877960452666019e-06,5.877960452666019e-06,0.0039827622042337375,1.280917082806759,1.0,0.24757629233153006,1.0008445237510888,1.0,0.0,0.0,input_tied,0.1333618452891362,4.4422275245719694e-30,0.07718149434815945,0.7278992382235014,2.8777801998322563e-29,2.4083057749134755,2.408280173158848,-2.560175462740233e-05,2.560175462740233e-05,6.3542533482741534,6.3539306724077305
4.8,0.2,0.00019561316472304778,0.0015683202593658858,0.00015202569746888047,0.000195767226234176,0.0015695554410032411,0.00015214543025228252,0.00019653012240099054,0.001575671928694148,0.00015273833422181095,1.2351816373553683e-06,1.2351816373553683e-06,6.1164876909067765e-06,6.1164876909067765e-06,7.351669328262145e-06,7.351669328262145e-06,0.00468760719270095,1.3602809677586774,1.0,0.30769127235057525,1.0007875825297665,1.0,0.0,0.0,input_tied,0.12437004803208895,4.258429304894624e-30,0.07111786048012514,0.7487878177500273,2.993923942695591e-29,13.739693054108729,13.73914770080708,-0.0005453533016481771,0.0005453533016481771,951.67515418512,951.591037389579
5.6,0.2,0.00015714102819852153,0.0013021892258809095,5.9531521082067194e-05,0.00015733311290558398,0.0013037809848178386,5.960429071402853e-05,0.0001580465959895482,0.001309693444443677,5.987458761701846e-05,1.5917589369291493e-06,1.5917589369291493e-06,5.912459625838319e-06,5.912459625838319e-06,7.504218562767468e-06,7.504218562767468e-06,0.005762771196091711,1.4305484675437201,1.0,0.35805791447458585,1.0012223714536206,1.0,0.0,0.0,input_tied,0.19302916285473287,7.356471750520835e-30,0.1092096338293002,0.7675103934186478,3.368050735349661e-29,57.97841649278864,57.971897595030526,-0.006518897758112985,0.006518897758112985,20006.98258019661,20002.372484391373
6.4,0.2,0.00010403201165275425,0.0006722767776805341,2.7226734432871954e-05,0.00010418078452117904,0.0006732381793010733,2.7265670519131044e-05,0.00010469588683815772,0.0006765668789996822,2.740048050470498e-05,9.614016205391866e-07,9.614016205391866e-07,3.328699698608873e-06,3.328699698608873e-06,4.29010131914806e-06,4.29010131914806e-06,0.006381451005863415,1.4775528482269376,1.0,0.3903872383399466,1.0014300681690302,1.0,0.0,0.0,input_tied,0.22582731351870974,1.1823810291031853e-29,0.1316552460415761,0.715292935971534,4.490444037185556e-29,59.89373701777076,59.88502351170254,-0.008713506068218635,0.008713506068218635,21384.482939400787,21378.11234477749
7.2,0.2,7.600592234179314e-05,0.00012096550465777007,1.756797557663314e-05,7.611631400424534e-05,0.0001211411960084847,1.7593491457107597e-05,7.650212760792052e-05,0.00012175522891321716,1.7682668244358707e-05,1.756913507146231e-07,1.756913507146231e-07,6.140329047324644e-07,6.140329047324644e-07,7.897242554470875e-07,7.897242554470875e-07,0.006528507922000891,1.4921401916441892,1.0,0.40021145959540433,1.0014524086946248,1.0,0.0,0.0,input_tied,0.22935518791439605,2.3357436696887824e-29,0.14069871838435052,0.6301156865399458,8.300515088233312e-29,3.5327999605622566,3.5323071954447847,-0.0004927651174719827,0.0004927651174719827,28.43022294858977,28.41708734841002
8.0,0.2,6.313930504949174e-05,8.591083119440962e-05,1.3492972406410483e-05,6.32369418650267e-05,8.604368124670604e-05,1.3513837553038728e-05,6.35432239544851e-05,8.646042560055512e-05,1.3579290534797087e-05,1.3285005229642056e-07,1.3285005229642056e-07,4.1674435384908364e-07,4.1674435384908364e-07,5.495944061455042e-07,5.495944061455042e-07,0.006397265612549065,1.4658274448318904,1.0,0.38241989178356733,1.0015463713998505,1.0,0.0,0.0,input_tied,0.2441931835789313,2.959948134586748e-29,0.1520636193182569,0.6058619719411955,9.73259793452573e-29,2.326336307979538,2.3255725038351187,-0.0007638041444191224,0.0007638041444191224,5.363118471757258,5.354277874097567
8.8,0.2,2.214685757277516e-05,5.848230801141066e-05,7.047750343537498e-06,2.217260052884147e-05,5.855028639077428e-05,7.055942473137096e-06,2.2295353135358123e-05,5.887443421716096e-05,7.095005790445433e-06,6.797837936362071e-08,6.797837936362071e-08,3.241478263866761e-07,3.241478263866761e-07,3.921262057502968e-07,3.921262057502968e-07,0.006705039850236209,1.5482467554553723,1.0,0.43712316521321565,1.0011623751126641,1.0,0.0,0.0,input_tied,0.1835549204426814,2.875474171255562e-29,0.11517223325097901,0.5937428255184164,1.2483365521746187e-28,1.5836854177066555,1.5837193720676328,3.395436097730631e-05,3.395436097730631e-05,0.2108770792379284,0.2109550479557833
9.600000000000001,0.2,1.0975147167186832e-05,4.3579838328899834e-05,3.956029559913731e-06,1.0987782977264233e-05,4.3630012285744275e-05,3.960584181133673e-06,1.1048592194413592e-05,4.387147199575154e-05,3.9825030726887035e-06,5.0173956844440956e-08,5.0173956844440956e-08,2.4145971000726405e-07,2.4145971000726405e-07,2.91633666851705e-07,2.91633666851705e-07,0.006691940081345117,1.5480056645464257,1.0,0.4369674344285572,1.001151311220243,1.0,0.0,0.0,input_tied,0.18180778058134858,3.4928896489757726e-29,0.11485685465158924,0.5829075341898452,1.5205403541526647e-28,1.0000000014340404,1.000000001435377,1.3364864770437634e-12,1.3364864770437634e-12,0.9999999928297973,0.9999999928231149
10.4,0.2,7.422066641493796e-06,2.996797540013284e-05,2.1099883030150735e-06,7.4313570356070946e-06,3.0005487095418408e-05,2.112629430325878e-06,7.47094897773498e-06,3.0165346930292264e-05,2.123884858068396e-06,3.7511695285565965e-08,3.7511695285565965e-08,1.598598348738565e-07,1.598598348738565e-07,1.9737153015942247e-07,1.9737153015942247e-07,0.006586081559535302,1.5229622419775668,1.0,0.42065728173279693,1.0012517260437086,1.0,0.0,0.0,input_tied,0.19766465391912502,4.717225150636451e-29,0.12533762689732517,0.577057574905652,1.8818072702544209e-28,0.4952545984950411,0.49515241301730306,-0.0001021854777380482,0.0001021854777380482,5.116026509652305,5.117182222927556
11.2,0.2,4.558508069825639e-06,1.6473387012688423e-05,7.956067069737132e-07,4.564660393385031e-06,1.6495620077864293e-05,7.966804858970688e-07,4.5880787920521504e-06,1.6580248719198615e-05,8.007677518974244e-07,2.223306517586983e-08,2.223306517586983e-08,8.462864133432224e-08,8.462864133432224e-08,1.0686170651019207e-07,1.0686170651019207e-07,0.006486929884418011,1.499419168235305,1.0,0.40507781194222237,1.0013496353335682,1.0,0.0,0.0,input_tied,0.21312586924879878,6.981484470916775e-29,0.1353663151635882,0.574437990656976,2.5787377245512494e-28,0.15211173576309514,0.15204995779700906,-6.17779660860851e-05,6.17779660860851e-05,9.732657000126215,9.73362067396529
12.0,0.2,2.510492526187209e-06,8.248761138314983e-06,4.859955493187072e-07,2.5141105845056537e-06,8.260649044190836e-06,4.866959538096977e-07,2.5265500924843117e-06,8.301521713168645e-06,4.891040651465293e-07,1.1887905875853567e-08,1.1887905875853567e-08,4.087266897780918e-08,4.087266897780918e-08,5.276057485366275e-08,5.276057485366275e-08,0.006396181677342208,1.4779687035454037,1.0,0.3906686474340275,1.0014411747020573,1.0,0.0,0.0,input_tied,0.2275811869146216,1.057583786520074e-28,0.14464355018632655,0.5733932596472961,3.6558276713953666e-28,0.03820536915314077,0.03818294649274094,-2.242266039982621e-05,2.242266039982621e-05,11.590528853770833,11.59091054514495
12.8,0.2,6.987777679838202e-07,2.0494321184607085e-06,2.0546569946694125e-07,6.994608311345545e-07,2.0514354614750277e-06,2.0566654450591645e-07,7.03502522538634e-07,2.063289261861847e-06,2.0685494658368254e-07,2.003343014319193e-09,2.003343014319193e-09,1.1853800386819152e-08,1.1853800386819152e-08,1.3857143401138345e-08,1.3857143401138345e-08,0.006761455174005078,1.5781226258875372,1.0,0.4562359290923607,1.0009775112804535,1.0,0.0,0.0,input_tied,0.15436239417086337,1.3010572057242716e-28,0.10063809092004923,0.5338366691941206,6.464039578999375e-28,0.002360365373917612,0.002360691306463632,3.259325460202439e-07,3.259325460202439e-07,12.208728426735803,12.208722732533413
13.600000000000001,0.2,2.2327272996020326e-07,5.624265717181725e-07,8.965344399731104e-08,2.2348463355389233e-07,5.629603593050154e-07,8.973853225225833e-08,2.2478564793977387e-07,5.662376294890536e-07,9.026094455225178e-08,5.337875868429464e-10,5.337875868429464e-10,3.2772701840381938e-09,3.2772701840381938e-09,3.81105777088114e-09,3.81105777088114e-09,0.0067760983611400765,1.5835144599575646,1.0,0.4596467185984162,1.0009490796020044,1.0,0.0,0.0,input_tied,0.1498726434708312,2.3076428543681593e-28,0.09808481357269962,0.5279902974964306,1.1763507368333603e-27,0.00017779019525587393,0.00017781992157924685,2.9726323372915352e-08,2.9726323372915352e-08,12.24688886914148,12.246888348996888
14.4,0.2,1.1131066673668665e-07,2.793823306840649e-07,4.0799391706625195e-08,1.1142668477476007e-07,2.7967352820204425e-07,4.0841916520456287e-08,1.1205507000263715e-07,2.8125073310682697e-07,4.107224247039837e-08,2.911975179793472e-10,2.911975179793472e-10,1.5772049047827143e-09,1.5772049047827143e-09,1.8684024227620614e-09,1.8684024227620614e-09,0.00668761842664601,1.5609164733916419,1.0,0.4452731317042589,1.0010422903884664,1.0,0.0,0.0,input_tied,0.1645919008835166,3.6666311146799934e-28,0.10740742647090296,0.5324070810699959,1.706879698711195e-27,4.387184755862388e-05,4.3871470884942245e-05,-3.7667368163240905e-10,3.7667368163240905e-10,12.249232254697342,12.249232261288922
15.200000000000001,0.2,4.9719954079899026e-08,1.4657335329968847e-07,1.1801348079610915e-08,4.977613965861916e-08,1.467389871751112e-07,1.181468408491907e-08,5.004831803754833e-08,1.4754136317150117e-07,1.1879287358371931e-08,1.6563387542273393e-10,1.6563387542273393e-10,8.02375996389969e-10,8.02375996389969e-10,9.68009871812703e-10,9.68009871812703e-10,0.006604269125462932,1.5399344597018174,1.0,0.4317398568847099,1.0011300408409438,1.0,0.0,0.0,input_tied,0.178448896915029,5.8074192405594575e-28,0.11619019864791928,0.5358343387962237,2.4991003148885037e-27,1.2075383966998948e-05,1.2073280813751056e-05,-2.1031532478920815e-09,2.1031532478920815e-09,12.24978868169192,12.249788718496783
16.0,0.2,2.0165371176482903e-08,5.612530329078049e-08,5.197701772296492e-09,2.0189916120393958e-08,5.619361804726113e-08,5.204028325740556e-09,2.0297004798238116e-08,5.6491672790236624e-08,5.231630843232155e-09,6.83147564806371e-11,6.83147564806371e-11,2.980547429754967e-10,2.980547429754967e-10,3.663694994561338e-10,3.663694994561338e-10,0.006527706363705585,1.520124718640573,1.0,0.4187923832293445,1.0012171828475778,1.0,0.0,0.0,input_tied,0.19220981103013865,1.0132441532095744e-27,0.12459912372608362,0.5426257045971616,4.0660163687710654e-27,1.7705507419393659e-06,1.7699730968322478e-06,-5.776451071180658e-10,5.776451071180658e-10,12.249969015381605,12.249969025490383
16.8,0.2,8.364325250162602e-09,2.705844584190968e-08,2.415816165380267e-09,8.375293864033287e-09,2.7093929115874304e-08,2.4189841620695515e-09,8.418398131906673e-09,2.723337066829176e-08,2.4314337003181247e-09,3.548327396462276e-11,3.548327396462276e-11,1.3944155241745495e-10,1.3944155241745495e-10,1.749248263820777e-10,1.749248263820777e-10,0.006464703383338597,1.5013415333766713,1.0,0.40635906399495303,1.0013113566895873,1.0,0.0,0.0,input_tied,0.2070811480791638,1.623957606000221e-27,0.13268580337603814,0.5606880526041327,6.119560513184084e-27,4.115254256548783e-07,4.113396648641798e-07,-1.8576079069850852e-10,1.8576079069850852e-10,12.249992798306106,12.249992801556921
17.6,0.2,3.484410888318046e-09,7.139226485334225e-09,8.222198924376402e-10,3.4880129737954025e-09,7.146606815859708e-09,8.230698801195386e-10,3.507652302728585e-09,7.186845932820351e-09,8.277041920421441e-10,7.380330525483494e-12,7.380330525483494e-12,4.023911696064278e-11,4.023911696064278e-11,4.7619447486126275e-11,4.7619447486126275e-11,0.006670113013496442,1.559816346703205,1.0,0.44456808785883606,1.0010337717315236,1.0,0.0,0.0,input_tied,0.16324668849867235,2.2372456970863042e-27,0.10702376707827714,0.5253311760113416,1.0452097502090277e-26,5.6207073804593766e-08,5.546228976920903e-08,-7.447840353847369e-10,7.447840353847369e-10,12.249999016376224,12.249999029409944
18.4,0.2,0.0,0.0,0.0,1e-30,1e-30,1e-30,1.0058704800739689e-30,1.0058704800739689e-30,1.0058704800739689e-30,1e-30,1e-30,5.870480073968777e-33,5.870480073968777e-33,1.0058704800739689e-30,1.0058704800739689e-30,1.0058704800739688,1.5896510516836373,1.0,0.463514527796402,1.0005966299991618,1.0,0.0,0.0,input_tied,0.09421603304878111,0.0,0.09421603304878111,0.0,0.0,5.6207073804593766e-08,5.546228976920903e-08,-7.447840353847369e-10,7.447840353847369e-10,12.249999016376224,12.249999029409944
19.200000000000003,0.2,0.0,0.0,0.0,1e-30,1e-30,1e-30,1.0057161736535278e-30,1.0057161736535278e-30,1.0057161736535278e-30,1e-30,1e-30,5.716173653527695e-33,5.716173653527695e-33,1.0057161736535278e-30,1.0057161736535278e-30,1.0057161736535276,1.5704009692603986,1.0,0.4513309811859851,1.0006470199295994,1.0,0.0,0.0,input_tied,0.10217329191624851,0.0,0.10217329191624851,0.0,0.0,5.6207073804593766e-08,5.546228976920903e-08,-7.447840353847369e-10,7.447840353847369e-10,12.249999016376224,12.249999029409944
20.0,0.2,0.0,0.0,0.0,1e-30,1e-30,1e-30,1.0055641423643005e-30,1.0055641423643005e-30,1.0055641423643005e-30,1e-30,1e-30,5.564142364300414e-33,5.564142364300414e-33,1.0055641423643005e-30,1.0055641423643005e-30,1.0055641423643005,1.5516627094173834,1.0,0.43932707173589636,1.000696715514015,1.0,0.0,0.0,input_tied,0.11002090405486509,0.0,0.11002090405486509,0.0,0.0,5.6207073804593766e-08,5.546228976920903e-08,-7.447840353847369e-10,7.447840353847369e-10,12.249999016376224,12.249999029409944
4.0,0.39,0.00016435372048146063,0.0014798793343970764,0.0003418631110110614,0.00016449259361742943,0.0014811297805897218,0.00034215197336330436,0.0001650083750103405,0.0014857739968703126,0.00034322482179694895,1.2504461926454973e-06,1.2504461926454973e-06,4.644216280590705e-06,4.644216280590705e-06,5.894662473236202e-06,5.894662473236202e-06,0.003983204803409036,1.280917082806759,1.0,0.24757629233153006,1.0008449649667923,1.0,0.0,0.0,input_tied,0.13343151928032812,4.442069728975827e-30,0.07718149434815945,0.7288019674564653,2.8776779761078553e-29,2.4448817340068487,2.4448554964824805,-2.623752436825555e-05,2.623752436825555e-05,6.823611487882244,6.8232688033103175
4.8,0.39,0.00019574823662416805,0.0015684082500680974,0.0001519655378412984,0.00019590240220103154,0.001569643482460476,0.0001520852214471827,0.00019666582514257208,0.0015757603132450226,0.00015267789078567766,1.2352323923785994e-06,1.2352323923785994e-06,6.116830784546647e-06,6.116830784546647e-06,7.352063176925246e-06,7.352063176925246e-06,0.0046875953225864716,1.3602809677586774,1.0,0.30769127235057525,1.0007875707057299,1.0,0.0,0.0,input_tied,0.12436818085504574,4.2583751156884015e-30,0.07111786048012514,0.7487615630647682,2.993885844525977e-29,13.751970835344054,13.751424565022852,-0.0005462703212018027,0.0005462703212018027,953.5698969824377,953.4855549090619
5.6,0.39,0.0001571487821813237,0.0013021843961999173,5.952962446598845e-05,0.00015734087553009098,0.001303776142301328,5.96023914626893e-05,0.0001580543938164431,0.001309688579967049,5.987267975284702e-05,1.5917461014106939e-06,1.5917461014106939e-06,5.9124376657210004e-06,5.9124376657210004e-06,7.504183767131694e-06,7.504183767131694e-06,0.0057627658487006,1.4305484675437201,1.0,0.35805791447458585,1.0012223661303696,1.0,0.0,0.0,input_tied,0.19302832224060404,7.356468094858085e-30,0.1092096338293002,0.7675026961661312,3.3680490616590615e-29,57.98141445255387,57.97489479473127,-0.006519657822600777,0.006519657822600777,20009.102884072952,20004.492006468194
6.4,0.39,0.00010403240172801354,0.0006722762677837851,2.7226661152841032e-05,0.00010418117507877953,0.0006732376681872877,2.726559711454716e-05,0.00010469627932679688,0.0006765663653587905,2.7400406737185923e-05,9.614004035025155e-07,9.614004035025155e-07,3.328697171502853e-06,3.328697171502853e-06,4.2900975750053685e-06,4.2900975750053685e-06,0.006381450276607315,1.4775528482269376,1.0,0.3903872383399466,1.001430067443362,1.0,0.0,0.0,input_tied,0.22582719892576159,1.1823810291176911e-29,0.1316552460415761,0.7152920655698475,4.490444037240646e-29,59.89388950310497,59.88517591898372,-0.008713584121252893,0.008713584121252893,21384.594432509086,21378.223764215454
7.2,0.39,7.600594590530699e-05,0.00012096549319106766,1.75679713156894e-05,7.611633759722404e-05,0.00012114118451755385,1.759348718887523e-05,7.650215132048583e-05,0.0001217552173640418,1.768266395449179e-05,1.7569132648618754e-07,1.7569132648618754e-07,6.140328464879447e-07,6.140328464879447e-07,7.897241729741322e-07,7.897241729741322e-07,0.006528507859069739,1.4921401916441892,1.0,0.40021145959540433,1.0014524086320111,1.0,0.0,0.0,input_tied,0.2293551780268466,2.3357436250116448e-29,0.14069871838435052,0.6301156162653222,8.300514929464497e-29,3.532800267571452,3.532307502085169,-0.0004927654862831865,0.0004927654862831865,28.430231133455354,28.41709552155433
8.0,0.39,6.31393068273821e-05,8.591083025389693e-05,1.3492972088047451e-05,6.323694364532261e-05,8.604368030427127e-05,1.3513837234109932e-05,6.354322574340369e-05,8.646042465355576e-05,1.357929021432359e-05,1.328500503743334e-07,1.328500503743334e-07,4.167443492844976e-07,4.167443492844976e-07,5.49594399658831e-07,5.49594399658831e-07,0.006397265607078699,1.4658274448318904,1.0,0.38241989178356733,1.0015463713944064,1.0,0.0,0.0,input_tied,0.2441931827192239,2.959948130224341e-29,0.1520636193182569,0.605861966287592,9.73259792018171e-29,2.326336305231986,2.3255725010584727,-0.0007638041735131829,0.0007638041735131829,5.363118439942793,5.354277841972729
8.8,0.39,2.2146857620247044e-05,5.848230796281681e-05,7.04775033011198e-06,2.21726005763619e-05,5.855028634210643e-05,7.055942459693862e-06,2.2295353183141637e-05,5.887443416822367e-05,7.0950057769277734e-06,6.797837928962391e-08,6.797837928962391e-08,3.241478261172383e-07,3.241478261172383e-07,3.921262054068622e-07,3.921262054068622e-07,0.0067050398499350775,1.5482467554553723,1.0,0.43712316521321565,1.0011623751123646,1.0,0.0,0.0,input_tied,0.1835549203953531,2.8754741713248636e-29,0.11517223325097901,0.5937428251074812,1.2483365522047047e-28,1.5836854161367002,1.5837193704968866,3.3954360186383425e-05,3.3954360186383425e-05,0.21087707563320476,0.210955044348577
9.600000000000001,0.39,1.0975147121485077e-05,4.357983841062823e-05,3.956029580418546e-06,1.0987782931514115e-05,4.3630012367583656e-05,3.960584201663629e-06,1.104859214841028e-05,4.3871472078043846e-05,3.982503093332278e-06,5.017395695542938e-08,5.017395695542938e-08,2.414597104601895e-07,2.414597104601895e-07,2.916336674156189e-07,2.916336674156189e-07,0.006691940081735031,1.5480056645464257,1.0,0.4369674344285572,1.0011513112206307,1.0,0.0,0.0,input_tied,0.1818077806425519,3.4928896482260135e-29,0.11485685465158924,0.5829075347227113,1.5205403538262763e-28,1.000000004530878,1.00000000453294,2.0621282459387658e-12,2.0621282459387658e-12,0.9999999773456102,0.9999999773352996
10.4,0.39,7.422066720531848e-06,2.9967975391542694e-05,2.1099882180731836e-06,7.431357114771307e-06,3.000548708692744e-05,2.1126293452854043e-06,7.470949057320955e-06,3.016534692175606e-05,2.1238847725748532e-06,3.751169538474675e-08,3.751169538474675e-08,1.5985983482861817e-07,1.5985983482861817e-07,1.9737153021336492e-07,1.9737153021336492e-07,0.0065860815632231675,1.5229622419775668,1.0,0.42065728173279693,1.001251726047377,1.0,0.0,0.0,input_tied,0.1976646544984209,4.717225153463792e-29,0.12533762689732517,0.5770575795275351,1.8818072713823108e-28,0.49525459895960533,0.4951524134851768,-0.00010218547442852888,0.00010218547442852888,5.116026504398401,5.117182217635626
11.2,0.39,4.558509357281854e-06,1.6473383521677937e-05,7.956065756958455e-07,4.564661682302057e-06,1.6495616581141975e-05,7.966803543937158e-07,4.588080087581799e-06,1.6580245204536817e-05,8.007676197194104e-07,2.2233059464038676e-08,2.2233059464038676e-08,8.462862339484204e-08,8.462862339484204e-08,1.0686168285888072e-07,1.0686168285888072e-07,0.00648692982338798,1.499419168235305,1.0,0.40507781194222237,1.0013496352728497,1.0,0.0,0.0,input_tied,0.21312585966053912,6.981484595764695e-29,0.1353663151635882,0.574437919825029,2.5787377706660896e-28,0.1521116714309366,0.15204989347253298,-6.177795840361933e-05,6.177795840361933e-05,9.732658003618067,9.733621677386974
12.0,0.39,2.51049659930808e-06,8.248753787970822e-06,4.859945413114452e-07,2.5141146632652333e-06,8.26064168249333e-06,4.866949443049313e-07,2.5265541914250886e-06,8.301514315046371e-06,4.891030506468583e-07,1.1887894522508545e-08,1.1887894522508545e-08,4.0872632553041086e-08,4.0872632553041086e-08,5.276052707554963e-08,5.276052707554963e-08,0.006396181584725009,1.4779687035454037,1.0,0.3906686474340275,1.0014411746098961,1.0,0.0,0.0,input_tied,0.22758117236109984,1.0575838888798036e-28,0.14464355018632655,0.5733931590308378,3.6558280252297734e-28,0.03820530122599985,0.038182878598351094,-2.2422627648753524e-05,2.2422627648753524e-05,11.590530010056062,11.590911700891704
12.8,0.39,6.987844538077155e-07,2.0493996179638756e-06,2.0546948193091949e-07,6.994675200121345e-07,2.051402918997195e-06,2.0567032964351776e-07,7.035092500665257e-07,2.0632565313439595e-06,2.068587535929276e-07,2.003301033319472e-09,2.003301033319472e-09,1.18536123467644e-08,1.18536123467644e-08,1.3856913380083872e-08,1.3856913380083872e-08,0.006761450162585189,1.5781226258875372,1.0,0.4562359290923607,1.0009775062978248,1.0,0.0,0.0,input_tied,0.15436160734567522,1.301058092267412e-28,0.10063809092004923,0.5338288508305074,6.464043983609658e-28,0.0023602904960522697,0.002360616394759659,3.25898707389128e-07,3.25898707389128e-07,12.208729734889243,12.208724041277724
13.600000000000001,0.39,2.2326970559833704e-07,5.62447153419074e-07,8.964636729611575e-08,2.234816095194057e-07,5.629809685951365e-07,8.973145011865408e-08,2.2478260630088954e-07,5.662583587560272e-07,9.025382119005138e-08,5.338151760625617e-10,5.338151760625617e-10,3.277390160890701e-09,3.277390160890701e-09,3.811205336953263e-09,3.811205336953263e-09,0.006776112766835483,1.5835144599575646,1.0,0.4596467185984162,1.0009490939243226,1.0,0.0,0.0,input_tied,0.14987490516065144,2.3076455457216914e-28,0.09808481357269962,0.5280133560081189,1.1763521087855689e-27,0.0001778032087379348,0.00017783294232626338,2.973358832858799e-08,2.973358832858799e-08,12.246888641434467,12.246888121162756
14.4,0.39,1.1131341964120475e-07,2.7940829939367144e-07,4.07869702735668e-08,1.1142944588240459e-07,2.7969953736698307e-07,4.082948409504516e-08,1.1205784668141043e-07,2.8127688894915344e-07,4.105973993294459e-08,2.9123797331163513e-10,2.9123797331163513e-10,1.5773515821703678e-09,1.5773515821703678e-09,1.868589555482003e-09,1.868589555482003e-09,0.0066876666138297475,1.5609164733916419,1.0,0.4452731317042589,1.0010423383054248,1.0,0.0,0.0,input_tied,0.16459946762629335,3.6666564703458874e-28,0.10740742647090296,0.532477530041965,1.7068915022087403e-27,4.388000394344511e-05,4.387963140048113e-05,-3.725429639799861e-10,3.725429639799861e-10,12.249232111965078,12.249232118484377
15.200000000000001,0.39,4.9709616392691525e-08,1.4671605106442872e-07,1.1770674642156241e-08,4.9765813387076375e-08,1.468819143660624e-07,1.1783981454495038e-08,5.0037935301445053e-08,1.4768507189535957e-07,1.1848416844455226e-08,1.6586330163368244e-10,1.6586330163368244e-10,8.031575292971751e-10,8.031575292971751e-10,9.690208309308576e-10,9.690208309308576e-10,0.006604736318218672,1.5399344597018174,1.0,0.4317398568847099,1.0011305054929596,1.0,0.0,0.0,input_tied,0.17852227182032374,5.8071893922402e-28,0.11619019864791928,0.5364658456371497,2.4990014045148525e-27,1.2098907640248965e-05,1.2096811618820405e-05,-2.0960214285599372e-09,2.0960214285599372e-09,12.24978827003119,12.249788306711247
16.0,0.39,2.015482472120821e-08,5.614789054568101e-08,5.199793552793773e-09,2.0179357291058063e-08,5.6216234084550115e-08,5.206122771742748e-09,2.0286389964158743e-08,5.6514408784513886e-08,5.2337363983173106e-09,6.834353886910415e-11,6.834353886910415e-11,2.98174699963771e-10,2.98174699963771e-10,3.6651823883287515e-10,3.6651823883287515e-10,0.006527729452893371,1.520124718640573,1.0,0.4187923832293445,1.001217205814945,1.0,0.0,0.0,input_tied,0.19221343789140444,1.013198656464824e-27,0.12459912372608362,0.5426548128377121,4.0658337962802256e-27,1.7719761214311387e-06,1.7713980925613831e-06,-5.780288697556277e-10,5.780288697556277e-10,12.249968990437496,12.249969000552989
16.8,0.39,9.525971967553443e-09,2.465308211878383e-08,2.2010619034430794e-09,9.538346102576674e-09,2.4685106207025503e-08,2.2039210591576317e-09,9.587436132389256e-09,2.481215051707652e-08,2.2152637541421847e-09,3.2024088241673215e-11,3.2024088241673215e-11,1.2704431005101634e-10,1.2704431005101634e-10,1.5906839829268955e-10,1.5906839829268955e-10,0.006452272276799466,1.5013415333766713,1.0,0.40635906399495303,1.0012989892333695,1.0,0.0,0.0,input_tied,0.20512815767408363,1.63939478546735e-27,0.13268580337603814,0.5459691425520503,6.177732446708047e-27,3.416122381270675e-07,3.4144960102432383e-07,-1.6263710274367338e-10,1.6263710274367338e-10,12.249994021786561,12.249994024632707
17.6,0.39,3.484410888318046e-09,7.139226485334225e-09,8.222198924376402e-10,3.4880129737954025e-09,7.146606815859708e-09,8.230698801195386e-10,3.507652302728585e-09,7.186845932820351e-09,8.277041920421441e-10,7.380330525483494e-12,7.380330525483494e-12,4.023911696064278e-11,4.023911696064278e-11,4.7619447486126275e-11,4.7619447486126275e-11,0.006670113013496442,1.559816346703205,1.0,0.44456808785883606,1.0010337717315236,1.0,0.0,0.0,input_tied,0.16324668849867235,2.2372456970863042e-27,0.10702376707827714,0.5253311760113416,1.0452097502090277e-26,5.6207073804593766e-08,5.546228976920903e-08,-7.447840353847369e-10,7.447840353847369e-10,12.249999016376224,12.249999029409944
18.4,0.39,0.0,0.0,0.0,1e-30,1e-30,1e-30,1.0058704800739689e-30,1.0058704800739689e-30,1.0058704800739689e-30,1e-30,1e-30,5.870480073968777e-33,5.870480073968777e-33,1.0058704800739689e-30,1.0058704800739689e-30,1.0058704800739688,1.5896510516836373,1.0,0.463514527796402,1.0005966299991618,1.0,0.0,0.0,input_tied,0.09421603304878111,0.0,0.09421603304878111,0.0,0.0,5.6207073804593766e-08,5.546228976920903e-08,-7.447840353847369e-10,7.447840353847369e-10,12.249999016376224,12.249999029409944
19.200000000000003,0.39,0.0,0.0,0.0,1e-30,1e-30,1e-30,1.0057161736535278e-30,1.0057161736535278e-30,1.0057161736535278e-30,1e-30,1e-30,5.716173653527695e-33,5.716173653527695e-33,1.0057161736535278e-30,1.0057161736535278e-30,1.0057161736535276,1.5704009692603986,1.0,0.4513309811859851,1.0006470199295994,1.0,0.0,0.0,input_tied,0.10217329191624851,0.0,0.10217329191624851,0.0,0.0,5.6207073804593766e-08,5.546228976920903e-08,-7.447840353847369e-10,7.447840353847369e-10,12.249999016376224,12.249999029409944
20.0,0.39,0.0,0.0,0.0,1e-30,1e-30,1e-30,1.0055641423643005e-30,1.0055641423643005e-30,1.0055641423643005e-30,1e-30,1e-30,5.564142364300414e-33,5.564142364300414e-33,1.0055641423643005e-30,1.0055641423643005e-30,1.0055641423643005,1.5516627094173834,1.0,0.43932707173589636,1.000696715514015,1.0,0.0,0.0,input_tied,0.11002090405486509,0.0,0.11002090405486509,0.0,0.0,5.6207073804593766e-08,5.546228976920903e-08,-7.447840353847369e-10,7.447840353847369e-10,12.249999016376224,12.249999029409944
4.0,0.5800000000000001,0.00016593300264469287,0.0014838405094366235,0.0003402200273142987,0.0001660732818025868,0.001485094942815126,0.000340507648089971,0.00016659401958615333,0.0014897515922202165,0.00034157534059311913,1.2544333785025844e-06,1.2544333785025844e-06,4.656649405090484e-06,4.656649405090484e-06,5.911082783593069e-06,5.911082783593069e-06,0.003983637558080522,1.280917082806759,1.0,0.24757629233153006,1.000845396368764,1.0,0.0,0.0,input_tied,0.13349964354910032,4.441909670016584e-30,0.07718149434815945,0.7296846177516892,2.877574286123232e-29,2.4817186502014303,2.4816917645426897,-2.688565874064963e-05,2.688565874064963e-05,7.313220238710028,7.312856709246736
4.8,0.5800000000000001,0.00019588331934337569,0.0015684959230168687,0.00015190541897144576,0.000196037588981651,0.001569731205834677,0.00015202505342585128,0.00019680153874005832,0.0015758483784733084,0.00015261748829224523,1.2352828178082732e-06,1.2352828178082732e-06,6.1171726386314e-06,6.1171726386314e-06,7.352455456439673e-06,7.352455456439673e-06,0.0046875834030208055,1.3602809677586774,1.0,0.30769127235057525,1.0007875588324338,1.0,0.0,0.0,input_tied,0.12436630589927641,4.258320947621499e-30,0.07111786048012514,0.7487351990015543,2.993847761218537e-29,13.764250791323446,13.763703602901478,-0.0005471884219687695,0.0005471884219687695,955.4668601921403,955.3822923774934
5.6,0.5800000000000001,0.0001571565360950142,0.0013021795653970398,5.952772796673076e-05,0.00015734863808529104,0.0013037712986613782,5.960049232832342e-05,0.0001580621915737168,0.0013096837143618874,5.987077200617939e-05,1.59173326433836e-06,1.59173326433836e-06,5.912415700509233e-06,5.912415700509233e-06,7.504148964847593e-06,7.504148964847593e-06,0.005762760501129157,1.4305484675437201,1.0,0.35805791447458585,1.001222360806939,1.0,0.0,0.0,input_tied,0.1930274815981579,7.356464439617303e-30,0.1092096338293002,0.7674949986543215,3.368047388161654e-29,57.98441234989971,57.977891931960436,-0.006520417939277934,0.006520417939277934,20011.223256146764,20006.61159665371
6.4,0.5800000000000001,0.00010403279180139791,0.0006722757578882074,2.7226587873248646e-05,0.00010418156563450244,0.0006732371570746795,2.72655237104027e-05,0.0001046966718135492,0.000676565851719082,2.7400332970108457e-05,9.613991864720244e-07,9.613991864720244e-07,3.328694644402579e-06,3.328694644402579e-06,4.2900938308746035e-06,4.2900938308746035e-06,0.006381449547356729,1.4775528482269376,1.0,0.3903872383399466,1.0014300667176994,1.0,0.0,0.0,input_tied,0.22582708433372345,1.1823810291327638e-29,0.1316552460415761,0.7152911951750737,4.4904440372978883e-29,59.89404198785138,59.885328325676916,-0.008713662174464787,0.008713662174464787,21384.70592547825,21378.335183513915
7.2,0.5800000000000001,7.600596946658674e-05,0.00012096548172608188,1.7567967055044743e-05,7.611636118796604e-05,0.00012114117302834321,1.7593482920942536e-05,7.65021750308031e-05,0.00012175520581659538,1.7682659664926065e-05,1.7569130226132985e-07,1.7569130226132985e-07,6.140327882521663e-07,6.140327882521663e-07,7.897240905134961e-07,7.897240905134961e-07,0.0065285077961477695,1.4921401916441892,1.0,0.40021145959540433,1.0014524085694063,1.0,0.0,0.0,input_tied,0.2293551681406683,2.335743580339876e-29,0.14069871838435052,0.6301155460004444,8.300514770714761e-29,3.5328005746123075,3.5323078087572473,-0.0004927658550601954,0.0004927658550601954,28.430239319166184,28.417103695544583
8.0,0.5800000000000001,6.313930858617432e-05,8.591082932490227e-05,1.349297177222348e-05,6.323694540649548e-05,8.604367937337864e-05,1.3513836917725114e-05,6.354322751310665e-05,8.646042371815444e-05,1.3579289896406392e-05,1.3285004847636973e-07,1.3285004847636973e-07,4.1674434477580223e-07,4.1674434477580223e-07,5.49594393252172e-07,5.49594393252172e-07,0.006397265601682017,1.4658274448318904,1.0,0.38241989178356733,1.0015463713890358,1.0,0.0,0.0,input_tied,0.24419318187112854,2.9599481259160464e-29,0.1520636193182569,0.6058619607103518,9.732597906015618e-29,2.3263363027237887,2.325572498521419,-0.0007638042023696556,0.0007638042023696556,5.363118410899866,5.354277812619888
8.8,0.5800000000000001,2.2146857658873487e-05,5.848230792059077e-05,7.04775031939265e-06,2.2172600615027494e-05,5.855028629981613e-05,7.055942448960243e-06,2.2295353222021293e-05,5.887443412569924e-05,7.0950057661347305e-06,6.797837922535783e-08,6.797837922535783e-08,3.241478258831116e-07,3.241478258831116e-07,3.9212620510846945e-07,3.9212620510846945e-07,0.00670503984967405,1.5482467554553723,1.0,0.43712316521321565,1.001162375112105,1.0,0.0,0.0,input_tied,0.18355492035436896,2.8754741713777514e-29,0.11517223325097901,0.5937428247516305,1.2483365522276649e-28,1.5836854146976476,1.5837193690571447,3.395435949715697e-05,3.395435949715697e-05,0.21087707232904246,0.21095504104222113
9.600000000000001,0.5800000000000001,1.0975147149201867e-05,4.3579838227844995e-05,3.956029603160251e-06,1.09877829592403e-05,4.363001218450058e-05,3.960584224423401e-06,1.104859217628991e-05,4.3871471893947536e-05,3.982503116218008e-06,5.017395665558649e-08,5.017395665558649e-08,2.4145970944695514e-07,2.4145970944695514e-07,2.9163366610254163e-07,2.9163366610254163e-07,0.006691940079672085,1.5480056645464257,1.0,0.4369674344285572,1.0011513112185793,1.0,0.0,0.0,input_tied,0.18180778031860415,3.492889648527833e-29,0.11485685465158924,0.5829075319022637,1.5205403539576656e-28,0.9999999954199661,0.9999999954181891,-1.7770229732150256e-12,1.7770229732150256e-12,1.000000022900169,1.0000000229090544
10.4,0.5800000000000001,7.4220667591848335e-06,2.9967975434604077e-05,2.109988192023306e-06,7.431357153482065e-06,3.0005487130080636e-05,2.112629319205589e-06,7.470949096237951e-06,3.0165346965139162e-05,2.123884746356093e-06,3.751169547655834e-08,3.751169547655834e-08,1.5985983505852663e-07,1.5985983505852663e-07,1.9737153053508497e-07,1.9737153053508497e-07,0.006586081564495001,1.5229622419775668,1.0,0.42065728173279693,1.001251726048642,1.0,0.0,0.0,input_tied,0.19766465469817807,4.717225154438737e-29,0.12533762689732517,0.5770575811212877,1.8818072717712383e-28,0.4952546006122621,0.4951524151386728,-0.00010218547358931129,0.00010218547358931129,5.116026485707982,5.117182198933603
11.2,0.5800000000000001,4.558508610097314e-06,1.6473385567782725e-05,7.956066873864388e-07,4.564660934244671e-06,1.649561863049821e-05,7.966804662587138e-07,4.588079335686601e-06,1.658024726440701e-05,8.007677321583173e-07,2.2233062715486452e-08,2.2233062715486452e-08,8.462863390879774e-08,8.462863390879774e-08,1.068616966242842e-07,1.068616966242842e-07,0.006486929853282582,1.499419168235305,1.0,0.40507781194222237,1.001349635302592,1.0,0.0,0.0,input_tied,0.2131258643572173,6.981484523613734e-29,0.1353663151635882,0.5744379545210921,2.5787377440158254e-28,0.15211170910040503,0.15204993113575763,-6.17779646474026e-05,6.17779646474026e-05,9.73265741602695,9.733621089864167
12.0,0.5800000000000001,2.510494419358609e-06,8.248759932846803e-06,4.859946757239118e-07,2.5141124807356606e-06,8.260647838070362e-06,4.866950790198246e-07,2.5265519980966298e-06,8.301520501080436e-06,4.891031860283042e-07,1.1887905223558577e-08,1.1887905223558577e-08,4.087266301007413e-08,4.087266301007413e-08,5.2760568233632704e-08,5.2760568233632704e-08,0.006396181809527343,1.4779687035454037,1.0,0.3906686474340275,1.0014411748335916,1.0,0.0,0.0,input_tied,0.22758120768567514,1.0575838256468214e-28,0.14464355018632655,0.5733934032489537,3.655827806647672e-28,0.038205358125886636,0.03818293548189698,-2.242264398965438e-05,2.242264398965438e-05,11.590529041481528,11.59091073257939
12.8,0.5800000000000001,6.987835376805643e-07,2.0494095611429716e-06,2.0546683004976262e-07,6.994666045611598e-07,2.0514128765053213e-06,2.0566767563226414e-07,7.035083293258045e-07,2.0632665463895104e-06,2.0685608424601256e-07,2.0033153623496827e-09,2.0033153623496827e-09,1.1853669884189118e-08,1.1853669884189118e-08,1.38569852465388e-08,1.38569852465388e-08,0.006761452424770895,1.5781226258875372,1.0,0.4562359290923607,1.000977508547014,1.0,0.0,0.0,input_tied,0.15436196252340978,1.3010580006983623e-28,0.10063809092004923,0.5338323800879815,6.464043528667355e-28,0.002360313410236169,0.0023606393227157225,3.259124795535265e-07,3.259124795535265e-07,12.208729334567082,12.208723640715045
13.600000000000001,0.5800000000000001,2.23257213948853e-07,5.624780701442199e-07,8.964772358412812e-08,2.2346910786029051e-07,5.630119193142987e-07,8.973280843520962e-08,2.2477003186344458e-07,5.662894896546059e-07,9.02551874140382e-08,5.338491700787149e-10,5.338491700787149e-10,3.2775703403072258e-09,3.2775703403072258e-09,3.811419510385941e-09,3.811419510385941e-09,0.006776121083989442,1.5835144599575646,1.0,0.4596467185984162,1.0009491021933385,1.0,0.0,0.0,input_tied,0.14987621095133627,2.3076376214925244e-28,0.09808481357269962,0.5280266688813077,1.1763480693074486e-27,0.00017782275614435032,0.00017785249593995145,2.973979560113118e-08,2.973979560113118e-08,12.2468882993983,12.246887779017989
14.4,0.5800000000000001,1.1133857147543006e-07,2.793325203394674e-07,4.0790044387193164e-08,1.11454617747134e-07,2.7962366380503823e-07,4.083255914655324e-08,1.1208316050161475e-07,2.812005875020426e-07,4.1062832326052185e-08,2.9114346557084056e-10,2.9114346557084056e-10,1.5769236970043542e-09,1.5769236970043542e-09,1.8680671625751947e-09,1.8680671625751947e-09,0.006687610738287718,1.5609164733916419,1.0,0.4452731317042589,1.001042282743223,1.0,0.0,0.0,input_tied,0.16459069359508915,3.666703046175427e-28,0.10740742647090296,0.532395840800425,1.706913184056574e-27,4.3856205503249375e-05,4.385582829399168e-05,-3.772092576918222e-10,3.772092576918222e-10,12.249232528424734,12.249232535025687
15.200000000000001,0.5800000000000001,4.9709897395962283e-08,1.46776561877834e-07,1.1761015684834395e-08,4.976610266925012e-08,1.4694251709409365e-07,1.177431346123983e-08,5.0038226165427944e-08,1.4774600600208727e-07,1.1838695986137565e-08,1.6595521625965959e-10,1.6595521625965959e-10,8.034889079936246e-10,8.034889079936246e-10,9.694441242532842e-10,9.694441242532842e-10,0.006604897347712628,1.5399344597018174,1.0,0.4317398568847099,1.001130665646725,1.0,0.0,0.0,input_tied,0.17854756228923366,5.807110439865967e-28,0.11619019864791928,0.5366835100288477,2.498967429026751e-27,1.2108889732566497e-05,1.210679585534832e-05,-2.093877218177975e-09,2.093877218177975e-09,12.249788095346085,12.249788131988618
16.0,0.5800000000000001,2.0151203156635068e-08,5.615562867060873e-08,5.200510171917285e-09,2.0175731478857522e-08,5.6223982075808935e-08,5.206840304576185e-09,2.0282744920405563e-08,5.65221978716413e-08,5.234457736993327e-09,6.835340520020774e-11,6.835340520020774e-11,2.98215795832366e-10,2.98215795832366e-10,3.6656920103257376e-10,3.6656920103257376e-10,0.006527737463020021,1.520124718640573,1.0,0.4187923832293445,1.0012172137828097,1.0,0.0,0.0,input_tied,0.19221469612614925,1.0131830644864158e-27,0.12459912372608362,0.5426649111009035,4.065771227708545e-27,1.7724645713912186e-06,1.7718864113882321e-06,-5.781600029864446e-10,5.781600029864446e-10,12.249968981889634,12.249968992007421
16.8,0.5800000000000001,9.525971967553443e-09,2.4653082118783826e-08,2.201061903443079e-09,9.538346102576674e-09,2.46851062070255e-08,2.2039210591576313e-09,9.587436132389256e-09,2.4812150517076516e-08,2.2152637541421843e-09,3.2024088241673215e-11,3.2024088241673215e-11,1.2704431005101634e-10,1.2704431005101634e-10,1.5906839829268955e-10,1.5906839829268955e-10,0.006452272276799467,1.5013415333766713,1.0,0.40635906399495303,1.0012989892333695,1.0,0.0,0.0,input_tied,0.20512815767408363,1.6393947854673502e-27,0.13268580337603814,0.5459691425520503,6.177732446708049e-27,3.416122381270674e-07,3.4144960102432373e-07,-1.6263710274367338e-10,1.6263710274367338e-10,12.249994021786561,12.249994024632707
17.6,0.5800000000000001,3.484410888318046e-09,7.139226485334223e-09,8.222198924376402e-10,3.4880129737954025e-09,7.1466068158597066e-09,8.230698801195386e-10,3.507652302728585e-09,7.186845932820349e-09,8.277041920421441e-10,7.380330525483494e-12,7.380330525483494e-12,4.023911696064278e-11,4.023911696064278e-11,4.7619447486126275e-11,4.7619447486126275e-11,0.006670113013496443,1.559816346703205,1.0,0.44456808785883606,1.0010337717315236,1.0,0.0,0.0,input_tied,0.16324668849867235,2.2372456970863046e-27,0.10702376707827714,0.5253311760113416,1.0452097502090278e-26,5.6207073804593766e-08,5.546228976920903e-08,-7.447840353847369e-10,7.447840353847369e-10,12.249999016376224,12.249999029409944
18.4,0.5800000000000001,1.7949803590232282e-09,1.9969300124387082e-09,3.8732741948561017e-10,1.7966016795096533e-09,1.9987337444532946e-09,3.876772739433536e-10,1.8071485938700737e-09,2.010467271073277e-09,3.899531256551686e-10,1.8037320145863918e-12,1.8037320145863918e-12,1.1733526619982158e-11,1.1733526619982158e-11,1.353725863456855e-11,1.353725863456855e-11,0.006779035093992333,1.5896510516836373,1.0,0.463514527796402,1.0009032524942543,1.0,0.0,0.0,input_tied,0.14263591668139713,3.1770480497800524e-27,0.09421603304878111,0.5139240325215798,1.686044268142297e-26,5.6207073804593766e-08,5.546228976920903e-08,-7.447840353847369e-10,7.447840353847369e-10,12.249999016376224,12.249999029409944
19.200000000000003,0.5800000000000001,0.0,0.0,0.0,1e-30,1e-30,1e-30,1.0057161736535278e-30,1.0057161736535278e-30,1.0057161736535278e-30,1e-30,1e-30,5.716173653527695e-33,5.716173653527695e-33,1.0057161736535278e-30,1.0057161736535278e-30,1.0057161736535276,1.5704009692603986,1.0,0.4513309811859851,1.0006470199295994,1.0,0.0,0.0,input_tied,0.10217329191624851,0.0,0.10217329191624851,0.0,0.0,5.6207073804593766e-08,5.546228976920903e-08,-7.447840353847369e-10,7.447840353847369e-10,12.249999016376224,12.249999029409944
20.0,0.5800000000000001,0.0,0.0,0.0,1e-30,1e-30,1e-30,1.0055641423643005e-30,1.0055641423643005e-30,1.0055641423643005e-30,1e-30,1e-30,5.564142364300414e-33,5.564142364300414e-33,1.0055641423643005e-30,1.0055641423643005e-30,1.0055641423643005,1.5516627094173834,1.0,0.43932707173589636,1.000696715514015,1.0,0.0,0.0,input_tied,0.11002090405486509,0.0,0.11002090405486509,0.0,0.0,5.6207073804593766e-08,5.546228976920903e-08,-7.447840353847369e-10,7.447840353847369e-10,12.249999016376224,12.249999029409944
4.0,0.77,0.00016751531265838838,0.0014877342575363118,0.00033858713072771495,0.0001676570001092257,0.0014889926098094772,0.00033887351378534603,0.00016818270378466746,0.0014936614807016706,0.000339936082312701,1.2583522731653574e-06,1.2583522731653574e-06,4.66887089219342e-06,4.66887089219342e-06,5.927223165358778e-06,5.927223165358778e-06,0.003984060416256234,1.280917082806759,1.0,0.24757629233153006,1.0008458179051742,1.0,0.0,0.0,input_tied,0.13356620991086235,4.441747192175792e-30,0.07718149434815945,0.7305470830657413,2.877469029129853e-29,2.5188117453708645,2.518784199113573,-2.7546257291621856e-05,2.7546257291621856e-05,7.823373259873752,7.822988026163742
4.8,0.77,0.00019601841281511177,0.0015685832784841207,0.00015184534086120196,0.00019617278651041305,0.0015698186113980537,0.00015196492619018397,0.00019693726312757214,0.001575936124652275,0.00015255712674341686,1.2353329139330044e-06,1.2353329139330044e-06,6.117513254221387e-06,6.117513254221387e-06,7.352846168154391e-06,7.352846168154391e-06,0.004687571434052379,1.3602809677586774,1.0,0.30769127235057525,1.0007875469099268,1.0,0.0,0.0,input_tied,0.12436442317243204,4.2582668006946446e-30,0.07111786048012514,0.7487087256679691,2.9938096927737833e-29,13.776532908411212,13.775984800807207,-0.0005481076040059207,0.0005481076040059207,957.3660427061604,957.2812486863186
5.6,0.77,0.00015716428993941075,0.0013021747334724565,5.952583158434521e-05,0.00015735640057100173,0.0013037664538981693,5.959859331098207e-05,0.00015806998926118598,0.0013096788476283728,5.9868864377066976e-05,1.591720425712798e-06,1.591720425712798e-06,5.91239373020345e-06,5.91239373020345e-06,7.504114155916248e-06,7.504114155916248e-06,0.005762755153377405,1.4305484675437201,1.0,0.35805791447458585,1.0012223554833293,1.0,0.0,0.0,input_tied,0.1930266409274122,7.35646078479858e-30,0.1092096338293002,0.7674873008833811,3.36804571485748e-29,57.98741018471044,57.980889006602304,-0.006521178108137349,0.006521178108137349,20013.343696329193,20008.731254859053
6.4,0.77,0.00010403318187451477,0.0006722752479888863,2.722651459407748e-05,0.00010418195618995688,0.0006732366459583233,2.7265450306680162e-05,0.0001046970643000317,0.0006765653380756071,2.7400259203455007e-05,9.613979694369796e-07,9.613979694369796e-07,3.3286921172837654e-06,3.3286921172837654e-06,4.290090086720745e-06,4.290090086720745e-06,0.00638144881810622,1.4775528482269376,1.0,0.3903872383399466,1.0014300659920368,1.0,0.0,0.0,input_tied,0.22582696974165112,1.1823810291485026e-29,0.1316552460415761,0.7152903247800396,4.4904440373576616e-29,59.89419447120301,59.88548073097508,-0.00871374022792537,0.00871374022792537,21384.817417718223,21378.446602082855
7.2,0.77,7.600599302778622e-05,0.00012096547026056667,1.756796279458077e-05,7.611638477862746e-05,0.00012114116153860202,1.7593478653190738e-05,7.65021987410394e-05,0.0001217551942686157,1.7682655375542157e-05,1.756912780353473e-07,1.756912780353473e-07,6.140327300136774e-07,6.140327300136774e-07,7.897240080490247e-07,7.897240080490247e-07,0.006528507733222656,1.4921401916441892,1.0,0.40021145959540433,1.0014524085067986,1.0,0.0,0.0,input_tied,0.22935515825405423,2.335743535667121e-29,0.14069871838435052,0.6301154757324691,8.30051461196152e-29,3.532800881580863,3.5323081153570293,-0.0004927662238336517,0.0004927662238336517,28.430247502950664,28.417111867609037
8.0,0.77,6.313931035142344e-05,8.591082838921968e-05,1.3492971457122962e-05,6.323694717413188e-05,8.604367843578318e-05,1.3513836602064152e-05,6.354322928930442e-05,8.646042277601783e-05,1.3579289579216556e-05,1.3285004656349829e-07,1.3285004656349829e-07,4.1674434023464854e-07,4.1674434023464854e-07,5.495943867981468e-07,5.495943867981468e-07,0.006397265596232004,1.4658274448318904,1.0,0.38241989178356733,1.0015463713836121,1.0,0.0,0.0,input_tied,0.2441931810146839,2.9599481215758635e-29,0.1520636193182569,0.6058619550782047,9.732597891744673e-29,2.3263362997441352,2.3255724955129606,-0.000763804231174614,0.000763804231174614,5.363118376397853,5.35427777781306
8.8,0.77,2.214685772470437e-05,5.8482307832126536e-05,7.0477503040651206e-06,2.2172600680922327e-05,5.8550286211215874e-05,7.055942433610897e-06,2.2295353288280933e-05,5.887443403660847e-05,7.095005750700408e-06,6.797837908933789e-08,6.797837908933789e-08,3.2414782539259823e-07,3.2414782539259823e-07,3.921262044819361e-07,3.921262044819361e-07,0.006705039849103329,1.5482467554553723,1.0,0.43712316521321565,1.0011623751115375,1.0,0.0,0.0,input_tied,0.18355492026477208,2.8754741714344396e-29,0.11517223325097901,0.593742823973692,1.248336552252275e-28,1.5836854111193917,1.5837193654773585,3.3954357966825555e-05,3.3954357966825555e-05,0.21087706411312476,0.21095503282127032
9.600000000000001,0.77,1.0975147130492073e-05,4.357983829417551e-05,3.956029602874588e-06,1.0987782940515626e-05,4.363001225093391e-05,3.96058422413981e-06,1.1048592157461608e-05,4.3871471960748525e-05,3.982503115932848e-06,5.017395675840274e-08,5.017395675840274e-08,2.414597098146149e-07,2.414597098146149e-07,2.916336665730176e-07,2.916336665730176e-07,0.006691940080282371,1.5480056645464257,1.0,0.4369674344285572,1.001151311219186,1.0,0.0,0.0,input_tied,0.18180778041443627,3.4928896482586155e-29,0.11485685465158924,0.5829075327366252,1.5205403538404686e-28,0.9999999984724866,0.9999999984718455,-6.410427744185654e-13,6.410427744185654e-13,1.0000000076375666,1.000000007640772
10.4,0.77,7.422066822631817e-06,2.9967975633545645e-05,2.1099880989933163e-06,7.431357217053731e-06,3.0005487329453987e-05,2.112629226072019e-06,7.470949160148307e-06,3.016534716557471e-05,2.123884652726336e-06,3.751169590834186e-08,3.751169590834186e-08,1.5985983612072289e-07,1.5985983612072289e-07,1.9737153202906474e-07,1.9737153202906474e-07,0.0065860815706260244,1.5229622419775668,1.0,0.42065728173279693,1.0012517260547407,1.0,0.0,0.0,input_tied,0.19766465566124328,4.717225155979582e-29,0.12533762689732517,0.5770575888050552,1.8818072723859162e-28,0.4952546080067378,0.495152422537372,-0.00010218546936580086,0.00010218546936580086,5.116026402081508,5.117182115249913
11.2,0.77,4.558508374417912e-06,1.6473387120039976e-05,7.956065388971954e-07,4.5646606984868e-06,1.6495620185716348e-05,7.96680317610884e-07,4.588079098719205e-06,1.658024882760399e-05,8.007675827478691e-07,2.2233065676371434e-08,2.2233065676371434e-08,8.462864188764143e-08,8.462864188764143e-08,1.0686170756401287e-07,1.0686170756401287e-07,0.006486929906115965,1.499419168235305,1.0,0.40507781194222237,1.0013496353551556,1.0,0.0,0.0,input_tied,0.2131258726577657,6.981484482997194e-29,0.1353663151635882,0.5744380158402492,2.5787377290133707e-28,0.15211173791988766,0.15204995995939272,-6.177796049494644e-05,6.177796049494644e-05,9.732656966483265,9.733620640233456
12.0,0.77,2.5104954008600457e-06,8.248754488780397e-06,4.859951475504296e-07,2.5141134628397062e-06,8.260642383490416e-06,4.866955513691538e-07,2.5265529850600048e-06,8.301515019511903e-06,4.891036607147594e-07,1.1887894710019617e-08,1.1887894710019617e-08,4.0872636021486845e-08,4.0872636021486845e-08,5.276053073150646e-08,5.276053073150646e-08,0.006396181484522188,1.4779687035454037,1.0,0.3906686474340275,1.0014411745101868,1.0,0.0,0.0,input_tied,0.22758115661563758,1.0575838641763628e-28,0.14464355018632655,0.5733930501738425,3.6558279398355724e-28,0.03820530762110557,0.03818288498216459,-2.2422638940977624e-05,2.2422638940977624e-05,11.590529901195797,11.590911592221874
12.8,0.77,6.987822254986868e-07,2.0494121097501023e-06,2.0546750395309558e-07,6.994652910433613e-07,2.051415427447558e-06,2.0566835017868534e-07,7.035070082181121e-07,2.0632691120718453e-06,2.0685676269016236e-07,2.0033176974556174e-09,2.0033176974556174e-09,1.1853684624287383e-08,1.1853684624287383e-08,1.3857002321743e-08,1.3857002321743e-08,0.006761452348123712,1.5781226258875372,1.0,0.4562359290923607,1.0009775084708072,1.0,0.0,0.0,input_tied,0.15436195048929705,1.3010578104181036e-28,0.10063809092004923,0.5338322605098711,6.464042583298375e-28,0.00236031927791106,0.0023606451908410576,3.259129299974621e-07,3.259129299974621e-07,12.208729232055887,12.208723538196011
13.600000000000001,0.77,2.2325985825441142e-07,5.624766617974881e-07,8.96456902950544e-08,2.2347175505052985e-07,5.630105105755809e-07,8.973077336689663e-08,2.2477269446428523e-07,5.662880727149246e-07,9.025314049858784e-08,5.338487780927251e-10,5.338487780927251e-10,3.2775621393437596e-09,3.2775621393437596e-09,3.811410917436485e-09,3.811410917436485e-09,0.0067761227732658,1.5835144599575646,1.0,0.4596467185984162,1.0009491038728375,1.0,0.0,0.0,input_tied,0.14987647616718594,2.307640276020473e-28,0.09808481357269962,0.5280293728253742,1.1763494224873406e-27,0.00017782186594988506,0.00017785160619346934,2.9740243584280238e-08,2.9740243584280238e-08,12.246888314974726,12.246887794586574
14.4,0.77,1.113329554828638e-07,2.7935764280474436e-07,4.078601457007699e-08,1.1144899881138591e-07,2.7964881975750336e-07,4.0828526195384483e-08,1.1207750987815893e-07,2.812258853202462e-07,4.105877663125659e-08,2.911769527590064e-10,2.911769527590064e-10,1.5770655627428415e-09,1.5770655627428415e-09,1.868242515501848e-09,1.868242515501848e-09,0.006687637025945436,1.5609164733916419,1.0,0.4452731317042589,1.0010423088834641,1.0,0.0,0.0,input_tied,0.16459482149650445,3.6666981320509577e-28,0.10740742647090296,0.5324342729791944,1.7069108964473137e-27,4.386409455381677e-05,4.386371956751667e-05,-3.7498630009501557e-10,3.7498630009501557e-10,12.24923239037067,12.249232396932728
15.200000000000001,0.77,4.9707145321880156e-08,1.4679865592490398e-07,1.1755440010425372e-08,4.976335151488573e-08,1.4696464802793955e-07,1.1768732436007506e-08,5.003545996761623e-08,1.4776825794896755e-07,1.1833084443584876e-08,1.6599210303557626e-10,1.6599210303557626e-10,8.036099210279948e-10,8.036099210279948e-10,9.69602024063571e-10,9.69602024063571e-10,0.006604978894081828,1.5399344597018174,1.0,0.4317398568847099,1.0011307467496193,1.0,0.0,0.0,input_tied,0.1785603695449806,5.807070510643275e-28,0.11619019864791928,0.5367937366735732,2.498950246328401e-27,1.2112535478347771e-05,1.2110442932867637e-05,-2.092545480133752e-09,2.092545480133752e-09,12.249788031546084,12.249788068165314
16.0,0.77,2.02356455963879e-08,5.579354548714013e-08,5.2231408568393254e-09,2.0260244409309146e-08,5.586136911950776e-08,5.2294902003374954e-09,2.03677061131446e-08,5.6157661591744926e-08,5.257227769330536e-09,6.782363236763133e-11,6.782363236763133e-11,2.9629247223716545e-10,2.9629247223716545e-10,3.641161046047968e-10,3.641161046047968e-10,0.006526133111377946,1.520124718640573,1.0,0.4187923832293445,1.0012156178958598,1.0,0.0,0.0,input_tied,0.19196268376032988,1.0136012025364079e-27,0.12459912372608362,0.5406423257224268,4.067449161057865e-27,1.7496810827364944e-06,1.7491047785037238e-06,-5.76304232770645e-10,5.76304232770645e-10,12.249969380600184,12.249969390685493
16.8,0.77,9.224533522575721e-09,2.5277255621321193e-08,2.2567889931008407e-09,9.23652534774843e-09,2.5310115866179637e-08,2.2597228020561367e-09,9.284062027567917e-09,2.5440376849485226e-08,2.2713526861605876e-09,3.286024485844415e-11,3.286024485844415e-11,1.302609833055884e-10,1.302609833055884e-10,1.6312122816403256e-10,1.6312122816403256e-10,0.006453280791544511,1.5013415333766713,1.0,0.40635906399495303,1.0012999925842712,1.0,0.0,0.0,input_tied,0.2052866004977079,1.6348250215761582e-27,0.13268580337603814,0.5471632629446838,6.160512202435792e-27,3.591292815995382e-07,3.589590242504788e-07,-1.702573490593792e-10,1.702573490593792e-10,12.249993715238373,12.249993718217878
17.6,0.77,3.484410888318046e-09,7.139226485334223e-09,8.222198924376402e-10,3.4880129737954025e-09,7.1466068158597066e-09,8.230698801195386e-10,3.507652302728585e-09,7.186845932820349e-09,8.277041920421441e-10,7.380330525483494e-12,7.380330525483494e-12,4.023911696064278e-11,4.023911696064278e-11,4.7619447486126275e-11,4.7619447486126275e-11,0.006670113013496443,1.559816346703205,1.0,0.44456808785883606,1.0010337717315236,1.0,0.0,0.0,input_tied,0.16324668849867235,2.2372456970863046e-27,0.10702376707827714,0.5253311760113416,1.0452097502090278e-26,5.6207073804593766e-08,5.546228976920903e-08,-7.447840353847369e-10,7.447840353847369e-10,12.249999016376224,12.249999029409944
18.4,0.77,1.7949803590232282e-09,1.9969300124387082e-09,3.8732741948561017e-10,1.7966016795096533e-09,1.9987337444532946e-09,3.876772739433536e-10,1.8071485938700737e-09,2.010467271073277e-09,3.899531256551686e-10,1.8037320145863918e-12,1.8037320145863918e-12,1.1733526619982158e-11,1.1733526619982158e-11,1.353725863456855e-11,1.353725863456855e-11,0.006779035093992333,1.5896510516836373,1.0,0.463514527796402,1.0009032524942543,1.0,0.0,0.0,input_tied,0.14263591668139713,3.1770480497800524e-27,0.09421603304878111,0.5139240325215798,1.686044268142297e-26,5.6207073804593766e-08,5.546228976920903e-08,-7.447840353847369e-10,7.447840353847369e-10,12.249999016376224,12.249999029409944
19.200000000000003,0.77,0.0,0.0,0.0,1e-30,1e-30,1e-30,1.0057161736535278e-30,1.0057161736535278e-30,1.0057161736535278e-30,1e-30,1e-30,5.716173653527695e-33,5.716173653527695e-33,1.0057161736535278e-30,1.0057161736535278e-30,1.0057161736535276,1.5704009692603986,1.0,0.4513309811859851,1.0006470199295994,1.0,0.0,0.0,input_tied,0.10217329191624851,0.0,0.10217329191624851,0.0,0.0,5.6207073804593766e-08,5.546228976920903e-08,-7.447840353847369e-10,7.447840353847369e-10,12.249999016376224,12.249999029409944
20.0,0.77,0.0,0.0,0.0,1e-30,1e-30,1e-30,1.0055641423643005e-30,1.0055641423643005e-30,1.0055641423643005e-30,1e-30,1e-30,5.564142364300414e-33,5.564142364300414e-33,1.0055641423643005e-30,1.0055641423643005e-30,1.0055641423643005,1.5516627094173834,1.0,0.43932707173589636,1.000696715514015,1.0,0.0,0.0,input_tied,0.11002090405486509,0.0,0.11002090405486509,0.0,0.0,5.6207073804593766e-08,5.546228976920903e-08,-7.447840353847369e-10,7.447840353847369e-10,12.249999016376224,12.249999029409944
4.0,0.96,0.0001691005752478701,0.0014915611052314021,0.00033696459314460806,0.00016924367314827103,0.0014928233082852085,0.0003372497425340632,0.00016977435198041848,0.0014975041906786627,0.0003383072195799153,1.2622030538063291e-06,1.2622030538063291e-06,4.6808823934542734e-06,4.6808823934542734e-06,5.9430854472606025e-06,5.9430854472606025e-06,0.003984473332279998,1.280917082806759,1.0,0.24757629233153006,1.0008462295305096,1.0,0.0,0.0,input_tied,0.1336312111783977,4.4415821476819766e-30,0.07718149434815945,0.7313892702776418,2.877362109397857e-29,2.5561561186195507,2.5561278992039926,-2.8219415558083938e-05,2.8219415558083938e-05,8.354356066383906,8.353948245736484
4.8,0.96,0.00019615351697383903,0.0015686703167419318,0.00015178530351236938,0.00019630799472171798,0.0015699056994229732,0.00015190483974199937,0.00019707299823925825,0.0015760235520553513,0.00015249680614101818,1.2353826810414074e-06,1.2353826810414074e-06,6.1178526323780406e-06,6.1178526323780406e-06,7.353235313419448e-06,7.353235313419448e-06,0.0046875594157297735,1.3602809677586774,1.0,0.30769127235057525,1.0007875349382573,1.0,0.0,0.0,input_tied,0.12436253268217286,4.2582126749086245e-30,0.07111786048012514,0.7486821431717237,2.9937716391922675e-29,13.78881717296351,13.78826814509616,-0.00054902786735056,0.00054902786735056,959.2674434069722,959.1824227175264
5.6,0.96,0.0001571720437145783,0.0013021699004262175,5.952393531880476e-05,0.00015736416298728814,0.0013037616080117523,5.959669441063818e-05,0.00015807778687891607,0.0013096739797665564,5.9866956865482586e-05,1.5917075855348753e-06,1.5917075855348753e-06,5.912371754804085e-06,5.912371754804085e-06,7.5040793403389604e-06,7.5040793403389604e-06,0.005762749805446107,1.4305484675437201,1.0,0.35805791447458585,1.0012223501595405,1.0,0.0,0.0,input_tied,0.19302580022836519,7.356457130401872e-30,0.1092096338293002,0.767479602853294,3.3680440417465187e-29,57.990407957000016,57.98388601867091,-0.006521938329107968,0.006521938329107968,20015.464204623066,20010.850981087133
6.4,0.96,0.0001040335719465217,0.0006722747380877421,2.722644131540246e-05,0.00010418234674429946,0.0006732361348401435,2.7265376903454645e-05,0.00010469745678539686,0.0006765648244302995,2.7400185437301028e-05,9.613967524013927e-07,9.613967524013927e-07,3.328689590155953e-06,3.328689590155953e-06,4.290086342557346e-06,4.290086342557346e-06,0.006381448088857719,1.4775528482269376,1.0,0.3903872383399466,1.0014300652663761,1.0,0.0,0.0,input_tied,0.22582685514992976,1.1823810291648793e-29,0.1316552460415761,0.7152894543876718,4.490444037419857e-29,59.894346953249936,59.8856331349684,-0.008713818281535168,0.008713818281535168,21384.92890929487,21378.558019988206
7.2,0.96,7.600601658901746e-05,0.00012096545879488791,1.7567958534194983e-05,7.611640836932057e-05,0.00012114115004869687,1.759347438551722e-05,7.650222245130753e-05,0.00012175518272047124,1.768265108623692e-05,1.7569125380895818e-07,1.7569125380895818e-07,6.140326717743753e-07,6.140326717743753e-07,7.897239255833335e-07,7.897239255833335e-07,0.006528507670296273,1.4921401916441892,1.0,0.40021145959540433,1.0014524084441896,1.0,0.0,0.0,input_tied,0.22935514836725762,2.335743490993934e-29,0.14069871838435052,0.6301154054631962,8.300514453206745e-29,3.5328011885219555,3.53230842192935,-0.0004927665926053315,0.0004927665926053315,28.430255686004156,28.417120038942723
8.0,0.96,6.313931211679352e-05,8.591082745550573e-05,1.3492971140633876e-05,6.323694894189086e-05,8.604367750016136e-05,1.3513836285012781e-05,6.354323106562537e-05,8.646042183586443e-05,1.3579289260629577e-05,1.3285004465562772e-07,1.3285004465562772e-07,4.1674433570306293e-07,4.1674433570306293e-07,5.495943803586907e-07,5.495943803586907e-07,0.0063972655908049805,1.4658274448318904,1.0,0.38241989178356733,1.0015463713782111,1.0,0.0,0.0,input_tied,0.2441931801617696,2.9599481172462694e-29,0.1520636193182569,0.6058619494692741,9.732597877508545e-29,2.326336297081102,2.3255724928210117,-0.0007638042600901507,0.0007638042600901507,5.3631183455620475,5.354277746668137
8.8,0.96,2.2146857786225498e-05,5.8482307769758606e-05,7.047750281977032e-06,2.2172600742508206e-05,5.8550286148757596e-05,7.055942411494982e-06,2.2295353350207766e-05,5.887443397380441e-05,7.095005728462053e-06,6.797837899898997e-08,6.797837899898997e-08,3.241478250468123e-07,3.241478250468123e-07,3.9212620404580225e-07,3.9212620404580225e-07,0.006705039848796323,1.5482467554553723,1.0,0.43712316521321565,1.0011623751112322,1.0,0.0,0.0,input_tied,0.18355492021654113,2.8754741715579444e-29,0.11517223325097901,0.5937428235549198,1.2483365523058925e-28,1.583685409488256,1.5837193638454297,3.3954357173682226e-05,3.3954357173682226e-05,0.21087706036792694,0.21095502907355876
9.600000000000001,0.96,1.0975147127036464e-05,4.357983836541372e-05,3.95602958562392e-06,1.0987782937066631e-05,4.363001232229619e-05,3.960584206873099e-06,1.1048592153993527e-05,4.387147203250575e-05,3.982503098570579e-06,5.017395688246935e-08,5.017395688246935e-08,2.4145971020955585e-07,2.4145971020955585e-07,2.916336670920252e-07,2.916336670920252e-07,0.006691940081252676,1.5480056645464257,1.0,0.4369674344285572,1.001151311220151,1.0,0.0,0.0,input_tied,0.18180778056684038,3.4928896482926094e-29,0.11485685465158924,0.5829075340635298,1.520540353855267e-28,1.0000000022905233,1.0000000022916877,1.1644019082268642e-12,1.1644019082268642e-12,0.9999999885473829,0.9999999885415609
10.4,0.96,7.422066622450881e-06,2.996797611076026e-05,2.1099881419630517e-06,7.431357016656491e-06,3.0005487807404305e-05,2.1126292691052825e-06,7.470948958683413e-06,3.0165347646071398e-05,2.123884695988868e-06,3.751169664404418e-08,3.751169664404418e-08,1.5985983866709366e-07,1.5985983866709366e-07,1.9737153531113784e-07,1.9737153531113784e-07,0.006586081575267603,1.5229622419775668,1.0,0.42065728173279693,1.0012517260593576,1.0,0.0,0.0,input_tied,0.19766465639031336,4.717225148535472e-29,0.12533762689732517,0.5770575946219046,1.881807269416293e-28,0.4952546233994157,0.49515243793143265,-0.0001021854679830736,0.0001021854679830736,5.1160262280008295,5.117181941133935
11.2,0.96,4.558508117512843e-06,1.6473387644030034e-05,7.956066136589124e-07,4.5646604412426585e-06,1.6495620710441268e-05,7.966803924748385e-07,4.588078840155306e-06,1.6580249355020943e-05,8.007676579959033e-07,2.2233066411233502e-08,2.2233066411233502e-08,8.462864457967477e-08,8.462864457967477e-08,1.0686171099090827e-07,1.0686171099090827e-07,0.006486929907804059,1.499419168235305,1.0,0.40507781194222237,1.0013496353568352,1.0,0.0,0.0,input_tied,0.21312587292297658,6.981484461724571e-29,0.1353663151635882,0.5744380177994584,2.5787377211559422e-28,0.1521117475188424,0.15204996955498926,-6.177796385314904e-05,6.177796385314904e-05,9.73265681675298,9.733620490548143
12.0,0.96,2.5104943204586913e-06,8.248758060828622e-06,4.859951086681578e-07,2.5141123812701397e-06,8.260645961964185e-06,4.866955125061186e-07,2.526551898138966e-06,8.301518615691518e-06,4.891036216594346e-07,1.1887901135562427e-08,1.1887901135562427e-08,4.087265372733333e-08,4.087265372733333e-08,5.276055486289576e-08,5.276055486289576e-08,0.006396181640172356,1.4779687035454037,1.0,0.3906686474340275,1.0014411746650704,1.0,0.0,0.0,input_tied,0.22758118107387887,1.05758383086233e-28,0.14464355018632655,0.5733932192670462,3.6558278246765045e-28,0.03820534071595604,0.03818291806938703,-2.2422646569014715e-05,2.2422646569014715e-05,11.590529337840909,11.59091102898756
12.8,0.96,6.98782114087772e-07,2.0494156478591713e-06,2.0546629356473351e-07,6.994651801725816e-07,2.0514189709186893e-06,2.0566713879799885e-07,7.035068967066882e-07,2.0632726760182004e-06,2.0685554430976024e-07,2.003323059518069e-09,2.003323059518069e-09,1.1853705099511055e-08,1.1853705099511055e-08,1.3857028159029124e-08,1.3857028159029124e-08,0.006761453282307197,1.5781226258875372,1.0,0.4562359290923607,1.0009775093996236,1.0,0.0,0.0,input_tied,0.15436209716209015,1.3010578108799346e-28,0.10063809092004923,0.5338337179380851,6.464042585592889e-28,0.0023603274326774704,0.002360653351114322,3.259184368515494e-07,3.259184368515494e-07,12.208729089588074,12.208723395632024
13.600000000000001,0.96,2.2326444265691616e-07,5.624538293146109e-07,8.965029233705036e-08,2.2347634109089476e-07,5.629876495871037e-07,8.973537868723617e-08,2.2477730720225522e-07,5.66265078641347e-07,9.025777262877072e-08,5.338202724927281e-10,5.338202724927281e-10,3.2774290542433592e-09,3.2774290542433592e-09,3.811249326736087e-09,3.811249326736087e-09,0.006776110550052365,1.5835144599575646,1.0,0.4596467185984162,1.0009490917203696,1.0,0.0,0.0,input_tied,0.1498745571263597,2.3076401413584553e-28,0.09808481357269962,0.5280098077086517,1.1763493538416385e-27,0.0001778074290506389,0.0001778371625615108,2.973351087191085e-08,2.973351087191085e-08,12.246888567588373,12.246888047318022
14.4,0.96,1.1132956876494968e-07,2.793728391653723e-07,4.078358206528348e-08,1.1144561032219538e-07,2.796640363708276e-07,4.082609179944857e-08,1.1207410227975271e-07,2.8124118774690186e-07,4.105632850666629e-08,2.911972054553181e-10,2.911972054553181e-10,1.5771513760742443e-09,1.5771513760742443e-09,1.8683485815295624e-09,1.8683485815295624e-09,0.006687652912542474,1.5609164733916419,1.0,0.4452731317042589,1.001042324680972,1.0,0.0,0.0,input_tied,0.16459731613899134,3.6666951654474083e-28,0.10740742647090296,0.5324574989568465,1.7069095154424582e-27,4.3868866916161274e-05,4.386849327363542e-05,-3.7364252585491385e-10,3.7364252585491385e-10,12.249232306856948,12.24923231339549
15.200000000000001,0.96,4.9705482953775916e-08,1.4681200165545e-07,1.1752072069366868e-08,4.9761689702390004e-08,1.469780160421979e-07,1.1765361262454718e-08,5.003378906824807e-08,1.477816990601851e-07,1.1829694836289356e-08,1.660143867478859e-10,1.660143867478859e-10,8.036830179871946e-10,8.036830179871946e-10,9.696974047350805e-10,9.696974047350805e-10,0.006605028157104232,1.5399344597018174,1.0,0.4317398568847099,1.0011307957447342,1.0,0.0,0.0,input_tied,0.17856810654339386,5.80704640615055e-28,0.11619019864791928,0.5368603257534034,2.4989398734686393e-27,1.2114737927461139e-05,1.2112646187067713e-05,-2.0917403934252572e-09,2.0917403934252572e-09,12.249787993003558,12.249788029608697
16.0,0.96,2.0114244153738322e-08,5.608903233512769e-08,5.239510957435317e-09,2.0138705965301892e-08,5.6157244659154286e-08,5.245882955743899e-09,2.0245523021026953e-08,5.64551064752242e-08,5.273707473018063e-09,6.821232402659664e-11,6.821232402659664e-11,2.9786181606991507e-10,2.9786181606991507e-10,3.660741400965117e-10,3.660741400965117e-10,0.006526661717200729,1.520124718640573,1.0,0.4187923832293445,1.0012161437127143,1.0,0.0,0.0,input_tied,0.1920457174297976,1.0130635632232704e-27,0.12459912372608362,0.5413087322506962,4.06529168475683e-27,1.7682630459193035e-06,1.767682477916257e-06,-5.805680030464251e-10,5.805680030464251e-10,12.249969055416233,12.249969065576163
16.8,0.96,9.280470634419696e-09,2.5161429443196977e-08,2.246447868739097e-09,9.292532342716322e-09,2.519413142935966e-08,2.2493675481350763e-09,9.34035726800553e-09,2.5323795487433133e-08,2.2609441379138407e-09,3.270198616268316e-11,3.270198616268316e-11,1.2966405807347282e-10,1.2966405807347282e-10,1.6236604423615598e-10,1.6236604423615598e-10,0.006452973770933976,1.5013415333766713,1.0,0.40635906399495303,1.0012996871356816,1.0,0.0,0.0,input_tied,0.20523836598978418,1.6356416624315244e-27,0.13268580337603814,0.5467997386889124,6.163589550707377e-27,3.5584559683205615e-07,3.556766792246354e-07,-1.6891760742074308e-10,1.6891760742074308e-10,12.249993772702846,12.2499937756589
17.6,0.96,3.484410888318046e-09,7.139226485334225e-09,8.222198924376402e-10,3.4880129737954025e-09,7.146606815859708e-09,8.230698801195386e-10,3.507652302728585e-09,7.186845932820351e-09,8.277041920421441e-10,7.380330525483494e-12,7.380330525483494e-12,4.023911696064278e-11,4.023911696064278e-11,4.7619447486126275e-11,4.7619447486126275e-11,0.006670113013496442,1.559816346703205,1.0,0.44456808785883606,1.0010337717315236,1.0,0.0,0.0,input_tied,0.16324668849867235,2.2372456970863042e-27,0.10702376707827714,0.5253311760113416,1.0452097502090277e-26,5.6207073804593766e-08,5.546228976920903e-08,-7.447840353847369e-10,7.447840353847369e-10,12.249999016376224,12.249999029409944
18.4,0.96,1.7949803590232282e-09,1.9969300124387082e-09,3.8732741948561017e-10,1.7966016795096533e-09,1.9987337444532946e-09,3.876772739433536e-10,1.8071485938700737e-09,2.010467271073277e-09,3.899531256551686e-10,1.8037320145863918e-12,1.8037320145863918e-12,1.1733526619982158e-11,1.1733526619982158e-11,1.353725863456855e-11,1.353725863456855e-11,0.006779035093992333,1.5896510516836373,1.0,0.463514527796402,1.0009032524942543,1.0,0.0,0.0,input_tied,0.14263591668139713,3.1770480497800524e-27,0.09421603304878111,0.5139240325215798,1.686044268142297e-26,5.6207073804593766e-08,5.546228976920903e-08,-7.447840353847369e-10,7.447840353847369e-10,12.249999016376224,12.249999029409944
19.200000000000003,0.96,0.0,0.0,0.0,1e-30,1e-30,1e-30,1.0057161736535278e-30,1.0057161736535278e-30,1.0057161736535278e-30,1e-30,1e-30,5.716173653527695e-33,5.716173653527695e-33,1.0057161736535278e-30,1.0057161736535278e-30,1.0057161736535276,1.5704009692603986,1.0,0.4513309811859851,1.0006470199295994,1.0,0.0,0.0,input_tied,0.10217329191624851,0.0,0.10217329191624851,0.0,0.0,5.6207073804593766e-08,5.546228976920903e-08,-7.447840353847369e-10,7.447840353847369e-10,12.249999016376224,12.249999029409944
20.0,0.96,0.0,0.0,0.0,1e-30,1e-30,1e-30,1.0055641423643005e-30,1.0055641423643005e-30,1.0055641423643005e-30,1e-30,1e-30,5.564142364300414e-33,5.564142364300414e-33,1.0055641423643005e-30,1.0055641423643005e-30,1.0055641423643005,1.5516627094173834,1.0,0.43932707173589636,1.000696715514015,1.0,0.0,0.0,input_tied,0.11002090405486509,0.0,0.11002090405486509,0.0,0.0,5.6207073804593766e-08,5.546228976920903e-08,-7.447840353847369e-10,7.447840353847369e-10,12.249999016376224,12.249999029409944
4.0,1.15,0.00017068871601253627,0.0014953215869773688,0.0003353525771836063,0.00017083322640591903,0.0014965875728949849,0.0003356364971402552,0.0001713688894259579,0.0015012802584803097,0.0003366889157093819,1.2659859176160707e-06,1.2659859176160707e-06,4.692685585324773e-06,4.692685585324773e-06,5.958671502940844e-06,5.958671502940844e-06,0.003984876266640178,1.280917082806759,1.0,0.24757629233153006,1.0008466312053819,1.0,0.0,0.0,input_tied,0.13369464113179066,4.441414396329645e-30,0.07718149434815945,0.7322110987992148,2.8772534360988044e-29,2.593746748934985,2.593717843710052,-2.8905224933151175e-05,2.8905224933151175e-05,8.90644562870529,8.9060143149486
4.8,1.15,0.0001962886317540673,0.0015687570380625141,0.0001517253069266722,0.00019644321355001326,0.001569992470181937,0.00015184479408303773,0.00019720874400930866,0.0015761106609561005,0.0001524365264867963,1.2354321194229644e-06,1.2354321194229644e-06,6.118190774163446e-06,6.118190774163446e-06,7.35362289358641e-06,7.35362289358641e-06,0.004687547348102079,1.3602809677586774,1.0,0.30769127235057525,1.000787522917474,1.0,0.0,0.0,input_tied,0.12436063443616577,4.258158570264266e-30,0.07111786048012514,0.7486554516206243,2.993733600474572e-29,13.80110357132823,13.800553622116192,-0.0005499492120382143,0.0005499492120382143,961.1710611675611,961.0858133436187
5.6,1.15,0.00015717979742039184,0.0013021650662586623,5.9522039170118995e-05,0.000157371925334025,0.0013037567610024667,5.959479562730134e-05,0.00015808558442678117,0.0013096691107767793,5.9865049471435856e-05,1.5916947438043751e-06,1.5916947438043751e-06,5.9123497743126564e-06,5.9123497743126564e-06,7.5040445181170316e-06,7.5040445181170316e-06,0.005762744457334741,1.4305484675437201,1.0,0.35805791447458585,1.0012223448355726,1.0,0.0,0.0,input_tied,0.1930249595010455,7.356453476427211e-30,0.1092096338293002,0.7674719045643225,3.368042368828786e-29,57.993405666741744,57.98688296813947,-0.006522698602275057,0.006522698602275057,20017.584781002475,20012.970775311955
6.4,1.15,0.00010403396201761891,0.0006722742281848447,2.7226368037149615e-05,0.00010418273729773068,0.0006732356237202101,2.726530350065207e-05,0.00010469784926984616,0.0006765643107832296,2.7400111671572087e-05,9.613955353654806e-07,9.613955353654806e-07,3.3286870630194667e-06,3.3286870630194667e-06,4.290082598384947e-06,4.290082598384947e-06,0.006381447359611368,1.4775528482269376,1.0,0.3903872383399466,1.0014300645407177,1.0,0.0,0.0,input_tied,0.22582674055855861,1.1823810291818808e-29,0.1316552460415761,0.7152885839979638,4.490444037484425e-29,59.89449943424885,59.885785537913456,-0.008713896335393656,0.008713896335393656,21385.04040039587,21378.669437417542
7.2,1.15,7.600604015083764e-05,0.00012096544732917766,1.7567954273543615e-05,7.611643196060352e-05,0.00012114113855876029,1.7593470117577746e-05,7.65022461621685e-05,0.00012175517117229519,1.7682646796664382e-05,1.7569122958262327e-07,1.7569122958262327e-07,6.140326135348971e-07,6.140326135348971e-07,7.897238431175203e-07,7.897238431175203e-07,0.00652850760737057,1.4921401916441892,1.0,0.40021145959540433,1.0014524083815812,1.0,0.0,0.0,input_tied,0.22935513848054595,2.3357434463203745e-29,0.14069871838435052,0.6301153351945272,8.300514294450645e-29,3.532801495522055,3.532308728560665,-0.00049276696138989,0.00049276696138989,28.430263870631965,28.41712821185
8.0,1.15,6.313931388353274e-05,8.591082651781039e-05,1.3492970825640053e-05,6.323695071101884e-05,8.604367656054889e-05,1.35138359694585e-05,6.354323284332195e-05,8.646042089170103e-05,1.357928894354694e-05,1.3285004273850078e-07,1.3285004273850078e-07,4.1674433115213786e-07,4.1674433115213786e-07,5.495943738906386e-07,5.495943738906386e-07,0.006397265585341573,1.4658274448318904,1.0,0.38241989178356733,1.0015463713727741,1.0,0.0,0.0,input_tied,0.24419317930321424,2.9599481128979466e-29,0.1520636193182569,0.6058619438232468,9.732597863210837e-29,2.3263362939763566,2.3255724896874725,-0.0007638042888840069,0.0007638042888840069,5.3631183096115675,5.354277710414166
8.8,1.15,2.214685784525374e-05,5.848230769694607e-05,7.047750266219911e-06,2.217260080159521e-05,5.855028607583441e-05,7.0559423957164105e-06,2.229535340962189e-05,5.8874433900477504e-05,7.0950057125961285e-06,6.797837888834036e-08,6.797837888834036e-08,3.2414782464309605e-07,3.2414782464309605e-07,3.921262035314364e-07,3.921262035314364e-07,0.006705039848349095,1.5482467554553723,1.0,0.43712316521321565,1.0011623751107874,1.0,0.0,0.0,input_tied,0.18355492014629926,2.8754741716280166e-29,0.11517223325097901,0.5937428229450346,1.248336552336313e-28,1.5836854067913404,1.5837193611473237,3.39543559833011e-05,3.39543559833011e-05,0.21087705417562647,0.2109550228773799
9.600000000000001,1.15,1.0975147103314057e-05,4.357983838013488e-05,3.9560296052602064e-06,1.098778291331442e-05,4.363001233702441e-05,3.960584226531095e-06,1.1048592130109864e-05,4.3871472047315476e-05,3.9825031183373665e-06,5.0173956889530214e-08,5.0173956889530214e-08,2.414597102910675e-07,2.414597102910675e-07,2.9163366718059773e-07,2.9163366718059773e-07,0.006691940081024576,1.5480056645464257,1.0,0.4369674344285572,1.0011513112199242,1.0,0.0,0.0,input_tied,0.181807780530999,3.492889647855064e-29,0.11485685465158924,0.5829075337514771,1.5205403536647929e-28,1.0000000023405513,1.0000000023412914,7.400746682151293e-13,7.400746682151293e-13,0.999999988297243,0.9999999882935426
10.4,1.15,7.422066658148895e-06,2.996797601364601e-05,2.1099881413992246e-06,7.431357052389234e-06,3.0005487710128296e-05,2.1126292685379195e-06,7.470948994606529e-06,3.0165347548277135e-05,2.123884695418482e-06,3.7511696482287995e-08,3.7511696482287995e-08,1.5985983814883825e-07,1.5985983814883825e-07,1.9737153463112624e-07,1.9737153463112624e-07,0.0065860815739191905,1.5229622419775668,1.0,0.42065728173279693,1.0012517260580163,1.0,0.0,0.0,input_tied,0.1976646561784869,4.7172251498414275e-29,0.12533762689732517,0.577057592931858,1.881807269937268e-28,0.4952546201948884,0.4951524347262638,-0.00010218546862461597,0.00010218546862461597,5.116026264241846,5.1171819773863
11.2,1.15,4.558507945503336e-06,1.6473387994894307e-05,7.956066637176635e-07,4.564660269006127e-06,1.6495621061797602e-05,7.966804426020451e-07,4.588078667035137e-06,1.6580249708179868e-05,8.007677083802811e-07,2.223306690329527e-08,2.223306690329527e-08,8.462864638226591e-08,8.462864638226591e-08,1.0686171328556118e-07,1.0686171328556118e-07,0.006486929908934426,1.499419168235305,1.0,0.40507781194222237,1.0013496353579596,1.0,0.0,0.0,input_tied,0.2131258731005529,6.981484447481166e-29,0.1353663151635882,0.5744380191112788,2.5787377158948826e-28,0.1521117539463142,0.1520499759802124,-6.177796610182251e-05,6.177796610182251e-05,9.7326567164934,9.733620390318677
12.0,1.15,2.510495328037432e-06,8.24875582258322e-06,4.859948246617664e-07,2.5141133902378535e-06,8.260643720285672e-06,4.866952280782044e-07,2.526552912098927e-06,8.301516362921458e-06,4.891033358242064e-07,1.1887897702453189e-08,1.1887897702453189e-08,4.0872642635785865e-08,4.0872642635785865e-08,5.2760540338239053e-08,5.2760540338239053e-08,0.006396181614903993,1.4779687035454037,1.0,0.3906686474340275,1.0014411746399265,1.0,0.0,0.0,input_tied,0.2275811771033258,1.0575838582495328e-28,0.14464355018632655,0.5733931918164403,3.655827919347863e-28,0.038205320027879554,0.03818289739151026,-2.2422636369291704e-05,2.2422636369291704e-05,11.59052969000231,11.590911380981131
12.8,1.15,6.987869942908909e-07,2.0494001751985883e-06,2.054667591201027e-07,6.994700639083483e-07,2.051403479503229e-06,2.0566760444449913e-07,7.035118086621235e-07,2.063257095088763e-06,2.0685601264690363e-07,2.0033043046407587e-09,2.0033043046407587e-09,1.1853615585533787e-08,1.1853615585533787e-08,1.3856919890174546e-08,1.3856919890174546e-08,0.0067614515007210834,1.5781226258875372,1.0,0.4562359290923607,1.000977507628273,1.0,0.0,0.0,input_tied,0.15436181744161562,1.301058445118691e-28,0.10063809092004923,0.5338309384688805,6.464045736679871e-28,0.0023602917909310737,0.002360617696092904,3.259051618302762e-07,3.259051618302762e-07,12.208729712267067,12.20872401854279
13.600000000000001,1.15,2.2326504628754285e-07,5.624569606910205e-07,8.964851752866282e-08,2.2347694593184995e-07,5.629907855413062e-07,8.97336024503416e-08,2.2477791556428823e-07,5.662682328514872e-07,9.025598605152426e-08,5.338248502856797e-10,5.338248502856797e-10,3.277447310180994e-09,3.277447310180994e-09,3.811272160466674e-09,3.811272160466674e-09,0.006776113421699395,1.5835144599575646,1.0,0.4596467185984162,1.0009490945753963,1.0,0.0,0.0,input_tied,0.14987500797408682,2.307641502411143e-28,0.09808481357269962,0.5280144042176392,1.1763500476558172e-27,0.0001778094091310109,0.00017783914398751164,2.9734856500732978e-08,2.9734856500732978e-08,12.24688853294137,12.246888012647474
14.4,1.15,1.1132302383562819e-07,2.793722809925046e-07,4.079033527350661e-08,1.1143905662229327e-07,2.796634727259272e-07,4.0832851332698244e-08,1.1206751162058707e-07,2.812406209233542e-07,4.1063126159966376e-08,2.9119173342257906e-10,2.9119173342257906e-10,1.577148197426991e-09,1.577148197426991e-09,1.86833993084957e-09,1.86833993084957e-09,0.006687635309458981,1.5609164733916419,1.0,0.4452731317042589,1.0010423071766035,1.0,0.0,0.0,input_tied,0.1645945519598966,3.6666710522829776e-28,0.10740742647090296,0.5324317635008772,1.706898290350664e-27,4.386869151691531e-05,4.386831634171996e-05,-3.7517519535404213e-10,3.7517519535404213e-10,12.24923230992634,12.2492323164917
15.200000000000001,1.15,4.969772536692294e-08,1.4680130875622545e-07,1.1764016004544827e-08,4.975391691807244e-08,1.4696729207213954e-07,1.1777317182861589e-08,5.0025973781963706e-08,1.4777091645093122e-07,1.1841716132256831e-08,1.6598331591408737e-10,1.6598331591408737e-10,8.036243787916759e-10,8.036243787916759e-10,9.696076947057633e-10,9.696076947057633e-10,0.006604898164197359,1.5399344597018174,1.0,0.4317398568847099,1.0011306664587691,1.0,0.0,0.0,input_tied,0.17854769052212308,5.806991496961109e-28,0.11619019864791928,0.5366846136752041,2.4989162444577245e-27,1.2112973248474918e-05,1.2110878684780023e-05,-2.094563694895053e-09,2.094563694895053e-09,12.249788023885175,12.249788060539721
16.0,1.15,2.0119165877670456e-08,5.6102756675483905e-08,5.233263130426666e-09,2.0143637315768653e-08,5.6170995843323666e-08,5.239628477555194e-09,2.0250480527709437e-08,5.6468930596602566e-08,5.267419820654892e-09,6.823916783976157e-11,6.823916783976157e-11,2.979347532788996e-10,2.979347532788996e-10,3.6617392111866115e-10,3.6617392111866115e-10,0.006526843649354469,1.520124718640573,1.0,0.4187923832293445,1.001216324684979,1.0,0.0,0.0,input_tied,0.19207429542435564,1.013078140964528e-27,0.12459912372608362,0.5415380917654619,4.0653501833273724e-27,1.769128499001359e-06,1.7685482861856177e-06,-5.802128157412711e-10,5.802128157412711e-10,12.249969040270827,12.249969050424536
16.8,1.15,9.259520015784744e-09,2.4922048524967845e-08,2.3106554340027726e-09,9.271506784657476e-09,2.495431097863656e-08,2.31364665736907e-09,9.319223499858599e-09,2.508274077733749e-08,2.3255540658615495e-09,3.226245366871642e-11,3.226245366871642e-11,1.284297987009303e-10,1.284297987009303e-10,1.6069225236964672e-10,1.6069225236964672e-10,0.0064477946990857985,1.5013415333766713,1.0,0.40635906399495303,1.0012945345819544,1.0,0.0,0.0,input_tied,0.20442470731869838,1.635627852392141e-27,0.13268580337603814,0.5406675176797071,6.163537510326898e-27,3.491069144859379e-07,3.489376044876922e-07,-1.6930999824570802e-10,1.6930999824570802e-10,12.249993890629757,12.249993893592679
17.6,1.15,3.4844108883180457e-09,7.139226485334225e-09,8.222198924376402e-10,3.488012973795402e-09,7.146606815859708e-09,8.230698801195386e-10,3.5076523027285846e-09,7.186845932820351e-09,8.277041920421441e-10,7.380330525483494e-12,7.380330525483494e-12,4.023911696064278e-11,4.023911696064278e-11,4.7619447486126275e-11,4.7619447486126275e-11,0.006670113013496442,1.559816346703205,1.0,0.44456808785883606,1.0010337717315236,1.0,0.0,0.0,input_tied,0.16324668849867235,2.2372456970863042e-27,0.10702376707827714,0.5253311760113416,1.0452097502090277e-26,5.6207073804593766e-08,5.546228976920903e-08,-7.447840353847369e-10,7.447840353847369e-10,12.249999016376224,12.249999029409944
18.4,1.15,1.7949803590232282e-09,1.9969300124387082e-09,3.8732741948561017e-10,1.7966016795096533e-09,1.9987337444532946e-09,3.876772739433536e-10,1.8071485938700737e-09,2.010467271073277e-09,3.899531256551686e-10,1.8037320145863918e-12,1.8037320145863918e-12,1.1733526619982158e-11,1.1733526619982158e-11,1.353725863456855e-11,1.353725863456855e-11,0.006779035093992333,1.5896510516836373,1.0,0.463514527796402,1.0009032524942543,1.0,0.0,0.0,input_tied,0.14263591668139713,3.1770480497800524e-27,0.09421603304878111,0.5139240325215798,1.686044268142297e-26,5.6207073804593766e-08,5.546228976920903e-08,-7.447840353847369e-10,7.447840353847369e-10,12.249999016376224,12.249999029409944
19.200000000000003,1.15,0.0,0.0,0.0,1e-30,1e-30,1e-30,1.0057161736535278e-30,1.0057161736535278e-30,1.0057161736535278e-30,1e-30,1e-30,5.716173653527695e-33,5.716173653527695e-33,1.0057161736535278e-30,1.0057161736535278e-30,1.0057161736535276,1.5704009692603986,1.0,0.4513309811859851,1.0006470199295994,1.0,0.0,0.0,input_tied,0.10217329191624851,0.0,0.10217329191624851,0.0,0.0,5.6207073804593766e-08,5.546228976920903e-08,-7.447840353847369e-10,7.447840353847369e-10,12.249999016376224,12.249999029409944
20.0,1.15,0.0,0.0,0.0,1e-30,1e-30,1e-30,1.0055641423643005e-30,1.0055641423643005e-30,1.0055641423643005e-30,1e-30,1e-30,5.564142364300414e-33,5.564142364300414e-33,1.0055641423643005e-30,1.0055641423643005e-30,1.0055641423643005,1.5516627094173834,1.0,0.43932707173589636,1.000696715514015,1.0,0.0,0.0,input_tied,0.11002090405486509,0.0,0.11002090405486509,0.0,0.0,5.6207073804593766e-08,5.546228976920903e-08,-7.447840353847369e-10,7.447840353847369e-10,12.249999016376224,12.249999029409944
4.0,1.34,0.00017227966142033398,0.0014990162446540378,0.000333751236390994,0.0001724255862381309,0.0015002859457352471,0.0003340339313298993,0.00017296624224632937,0.001504990227902844,0.00033508132490909956,1.2697010812092856e-06,1.2697010812092856e-06,4.70428216759692e-06,4.70428216759692e-06,5.973983248806205e-06,5.973983248806205e-06,0.003985269185781877,1.280917082806759,1.0,0.24757629233153006,1.000847022896341,1.0,0.0,0.0,input_tied,0.1337564944888072,4.4412438052993825e-30,0.07718149434815945,0.7330125001913349,2.8771429231891344e-29,2.631578497961627,2.631548894189107,-2.9603772519593008e-05,2.9603772519593008e-05,9.479909979008855,9.47945424236508
4.8,1.34,0.0001964237570903091,0.0015688434427182862,0.0001516653511057574,0.0001965784429297491,0.0015700789239476531,0.00015178478921496212,0.00019734450037191812,0.0015761974516282935,0.00015237628778242066,1.2354812293669405e-06,1.2354812293669405e-06,6.118527680640338e-06,6.118527680640338e-06,7.354008910007278e-06,7.354008910007278e-06,0.004687535231217983,1.3602809677586774,1.0,0.30769127235057525,1.0007875108476256,1.0,0.0,0.0,input_tied,0.12435872844208933,4.258104486762464e-30,0.07111786048012514,0.7486286511226398,2.9936955766213254e-29,13.813392089846168,13.812841218208083,-0.000550871638084871,0.000550871638084871,963.0768948515962,962.9914194277844
5.6,1.34,0.0001571875510568684,0.0013021602309697738,5.952014313828802e-05,0.0001573796876112294,0.0013037519128702951,5.959289696097165e-05,0.00015809338190479855,0.0013096642406590243,5.9863142194926894e-05,1.5916819005212975e-06,1.5916819005212975e-06,5.912327788729164e-06,5.912327788729164e-06,7.504009689250461e-06,7.504009689250461e-06,0.005762739109043368,1.4305484675437201,1.0,0.35805791447458585,1.0012223395114255,1.0,0.0,0.0,input_tied,0.19302411874544737,7.356449822874589e-30,0.1092096338293002,0.7674642060164139,3.368040696104277e-29,57.99640331389466,57.98987985496709,-0.00652345892756756,0.00652345892756756,20019.70542543141,20015.090637497564
6.4,1.34,0.00010403435208787475,0.0006722737182801057,2.7226294759302388e-05,0.00010418312785031898,0.0006732351125984349,2.7265230098255866e-05,0.00010469824175344836,0.0006765637971343088,2.7400037906251524e-05,9.613943183292431e-07,9.613943183292431e-07,3.328684535873873e-06,3.328684535873873e-06,4.290078854203116e-06,4.290078854203116e-06,0.0063814466303673606,1.4775528482269376,1.0,0.3903872383399466,1.0014300638150615,1.0,0.0,0.0,input_tied,0.22582662596752065,1.1823810291995069e-29,0.1316552460415761,0.7152877136107867,4.4904440375513653e-29,59.8946519142389,59.88593793984941,-0.008713974389486623,0.008713974389486623,21385.151891049827,21378.780854399476
7.2,1.34,7.600606371287709e-05,0.0001209654358632232,1.7567950012952227e-05,7.611645555210593e-05,0.00012114112706857894,1.759346584969831e-05,7.650226987325003e-05,0.00012175515962387312,1.768264250715219e-05,1.756912053557327e-07,1.756912053557327e-07,6.140325552941856e-07,6.140325552941856e-07,7.897237606499183e-07,7.897237606499183e-07,0.006528507544443246,1.4921401916441892,1.0,0.40021145959540433,1.0014524083189713,1.0,0.0,0.0,input_tied,0.22935512859355747,2.335743401646006e-29,0.14069871838435052,0.6301152649238909,8.30051413569167e-29,3.532801802494156,3.5323090351639808,-0.0004927673301753366,0.0004927673301753366,28.430272054514504,28.41713638401216
8.0,1.34,6.313931565229087e-05,8.591082558240335e-05,1.3492970508759048e-05,6.323695248217031e-05,8.60436756232303e-05,1.3513835652014435e-05,6.354323462305183e-05,8.646041994984262e-05,1.3579288624565364e-05,1.3285004082694393e-07,1.3285004082694393e-07,4.1674432661232587e-07,4.1674432661232587e-07,5.495943674392698e-07,5.495943674392698e-07,0.006397265579901961,1.4658274448318904,1.0,0.38241989178356733,1.0015463713673607,1.0,0.0,0.0,input_tied,0.24419317844835428,2.9599481085592755e-29,0.1520636193182569,0.605861938201521,9.732597848944864e-29,2.326336291280967,2.3255724869631242,-0.0007638043178426202,0.0007638043178426202,5.363118278401101,5.354277678894393
8.8,1.34,2.2146857907199702e-05,5.848230761854747e-05,7.0477502504623235e-06,2.2172600863602343e-05,5.8550285997316074e-05,7.055942379937059e-06,2.229535347197231e-05,5.887443382152447e-05,7.095005696729419e-06,6.797837876860378e-08,6.797837876860378e-08,3.2414782420839874e-07,3.2414782420839874e-07,3.921262029770025e-07,3.921262029770025e-07,0.006705039847857183,1.5482467554553723,1.0,0.43712316521321565,1.0011623751102983,1.0,0.0,0.0,input_tied,0.18355492006906107,2.875474171694518e-29,0.11517223325097901,0.5937428222744027,1.2483365523651834e-28,1.5836854037920298,1.5837193581467,3.3954354670129305e-05,3.3954354670129305e-05,0.21087704728900672,0.21095501598647148
9.600000000000001,1.34,1.097514712342376e-05,4.35798383273272e-05,3.956029599315189e-06,1.0987782933443336e-05,4.3630012284140286e-05,3.960584220577812e-06,1.1048592150350179e-05,4.387147199413867e-05,3.9825031123511365e-06,5.0173956813087184e-08,5.0173956813087184e-08,2.4145970999838714e-07,2.4145970999838714e-07,2.9163366681147433e-07,2.9163366681147433e-07,0.0066919400806634555,1.5480056645464257,1.0,0.4369674344285572,1.0011513112195651,1.0,0.0,0.0,input_tied,0.18180778047430546,3.4928896481791815e-29,0.11485685465158924,0.5829075332578755,1.520540353805889e-28,1.0000000001069425,1.0000000001070106,6.816769371198461e-14,6.816769371198461e-14,0.9999999994652873,0.9999999994649464
10.4,1.34,7.422066683292962e-06,2.9967975942332868e-05,2.109988140872866e-06,7.431357077557641e-06,3.000548763869709e-05,2.112629268008874e-06,7.470949019909026e-06,3.0165347476465363e-05,2.123884694886618e-06,3.7511696364221766e-08,3.7511696364221766e-08,1.5985983776827312e-07,1.5985983776827312e-07,1.9737153413249488e-07,1.9737153413249488e-07,0.006586081572952919,1.5229622419775668,1.0,0.42065728173279693,1.0012517260570553,1.0,0.0,0.0,input_tied,0.19766465602673067,4.717225150777038e-29,0.12533762689732517,0.5770575917210782,1.8818072703105042e-28,0.4952546178427229,0.49515243237364986,-0.00010218546907303505,0.00010218546907303505,5.116026290843232,5.1171820039957625
11.2,1.34,4.5585079061044325e-06,1.6473388549208365e-05,7.956065820611202e-07,4.56466022965595e-06,1.649562161722803e-05,7.966803608530802e-07,4.588078627483079e-06,1.6580250266459856e-05,8.007676262119137e-07,2.2233068019664366e-08,2.2233068019664366e-08,8.462864923182705e-08,8.462864923182705e-08,1.0686171725149141e-07,1.0686171725149141e-07,0.006486929931403014,1.499419168235305,1.0,0.40507781194222237,1.0013496353803135,1.0,0.0,0.0,input_tied,0.21312587663054505,6.981484434936734e-29,0.1353663151635882,0.5744380451886095,2.5787377112613698e-28,0.15211176426750533,0.15204998630394748,-6.177796355785747e-05,6.177796355785747e-05,9.732656555497236,9.733620229274857
12.0,1.34,2.5104946310683556e-06,8.248758411778193e-06,4.859948555054508e-07,2.5141126924967082e-06,8.260646313975679e-06,4.866952590113263e-07,2.526552210905445e-06,8.30151896944472e-06,4.891033669103815e-07,1.1887902197485939e-08,1.1887902197485939e-08,4.087265546904144e-08,4.087265546904144e-08,5.276055766652738e-08,5.276055766652738e-08,0.006396181707927331,1.4779687035454037,1.0,0.3906686474340275,1.001441174732492,1.0,0.0,0.0,input_tied,0.2275811917206747,1.0575838352231348e-28,0.14464355018632655,0.5733932928741707,3.655827839750819e-28,0.03820534400723588,0.038182921363847586,-2.2422643388295138e-05,2.2422643388295138e-05,11.590529281815316,11.5909109729069
12.8,1.34,6.987857618056051e-07,2.049403004697858e-06,2.0546715984402822e-07,6.99468830278724e-07,2.0514063119455713e-06,2.0566800557790247e-07,7.035105679042226e-07,2.0632599438977942e-06,2.068564160981743e-07,2.003307247713485e-09,2.003307247713485e-09,1.1853631952222878e-08,1.1853631952222878e-08,1.3856939199936363e-08,1.3856939199936363e-08,0.006761451587692623,1.5781226258875372,1.0,0.4562359290923607,1.000977507714745,1.0,0.0,0.0,input_tied,0.15436183109670984,1.3010582727617295e-28,0.10063809092004923,0.5338310741540279,6.464044880359168e-28,0.00236029830672431,0.0023606242131933818,3.2590646907191753e-07,3.2590646907191753e-07,12.208729598432924,12.208723904685838
13.600000000000001,1.34,2.2326027653039694e-07,5.624688926071745e-07,8.964879024970119e-08,2.2347217242621792e-07,5.630027307431952e-07,8.973387574280566e-08,2.2477311426972323e-07,5.662802475922937e-07,9.025626093495867e-08,5.338381360206449e-10,5.338381360206449e-10,3.2775168490985455e-09,3.2775168490985455e-09,3.81135498511919e-09,3.81135498511919e-09,0.006776116928800579,1.5835144599575646,1.0,0.4596467185984162,1.000949098062199,1.0,0.0,0.0,input_tied,0.14987555858791285,2.3076386458131592e-28,0.09808481357269962,0.5280200178677648,1.1763485914681163e-27,0.00017781695324201976,0.0001778466905991208,2.973735710104573e-08,2.973735710104573e-08,12.246888400936193,12.246887880598546
14.4,1.34,1.1132200550824039e-07,2.7938109279183366e-07,4.078798001323329e-08,1.1143803852057415e-07,2.7967229693999585e-07,4.0830494089101197e-08,1.1206648777733413e-07,2.812494949011377e-07,4.1060755622811703e-08,2.9120414816219376e-10,2.9120414816219376e-10,1.577197961141826e-09,1.577197961141826e-09,1.8684021093040197e-09,1.8684021093040197e-09,0.006687646936423728,1.5609164733916419,1.0,0.4452731317042589,1.0010423187383664,1.0,0.0,0.0,input_tied,0.1645963777203077,3.6666727673824184e-28,0.10740742647090296,0.5324487619568599,1.7068990887588825e-27,4.387145895867788e-05,4.387108477320503e-05,-3.741854728492441e-10,3.741854728492441e-10,12.249232261497623,12.249232268045667
15.200000000000001,1.34,4.96978704732193e-08,1.4681049173589056e-07,1.1760387509510896e-08,4.9754064498642185e-08,1.4697649225918056e-07,1.177368513189189e-08,5.0026122169511264e-08,1.477801669450473e-07,1.1838064221053858e-08,1.660005232899962e-10,1.660005232899962e-10,8.036746858667381e-10,8.036746858667381e-10,9.696752091567343e-10,9.696752091567343e-10,0.006604944903400791,1.5399344597018174,1.0,0.4317398568847099,1.0011307129437903,1.0,0.0,0.0,input_tied,0.17855503114240737,5.806985436842949e-28,0.11619019864791928,0.5367477912957755,2.4989136366137626e-27,1.2114488725317218e-05,1.2112395024384092e-05,-2.0937009331253387e-09,2.0937009331253387e-09,12.24978799736456,12.24978803400401
16.0,1.34,2.0122682869662414e-08,5.611256388852416e-08,5.228798524556936e-09,2.014716118728922e-08,5.6180822240087626e-08,5.235159117322806e-09,2.0254023090082395e-08,5.64788091132382e-08,5.262926754634166e-09,6.825835156346713e-11,6.825835156346713e-11,2.979868731505755e-10,2.979868731505755e-10,3.662452247140426e-10,3.662452247140426e-10,0.006526973628252711,1.520124718640573,1.0,0.4187923832293445,1.0012164539780979,1.0,0.0,0.0,input_tied,0.19209471257531358,1.0130885611391666e-27,0.12459912372608362,0.541701954482529,4.0653919981264135e-27,1.769747068839483e-06,1.7691671100806865e-06,-5.799587587964423e-10,5.799587587964423e-10,12.249969029445866,12.249969039595133
16.8,1.34,9.352782009881095e-09,2.5011697896849683e-08,2.233079625335666e-09,9.364934758773582e-09,2.504419741235149e-08,2.2359812278657965e-09,9.41313231016846e-09,2.5173089820362605e-08,2.2474889236398737e-09,3.249951550180669e-11,3.249951550180669e-11,1.2889240801111467e-10,1.2889240801111467e-10,1.6139192351292136e-10,1.6139192351292136e-10,0.00645265763957789,1.5013415333766713,1.0,0.40635906399495303,1.0012993726229957,1.0,0.0,0.0,input_tied,0.2051887001371688,1.6367183346599128e-27,0.13268580337603814,0.5464254269588575,6.1676467753726905e-27,3.5162304044585706e-07,3.5145590647086e-07,-1.671339749970834e-10,1.671339749970834e-10,12.249993846597564,12.249993849522408
17.6,1.34,3.484410888318046e-09,7.139226485334223e-09,8.222198924376402e-10,3.4880129737954025e-09,7.1466068158597066e-09,8.230698801195386e-10,3.507652302728585e-09,7.186845932820349e-09,8.277041920421441e-10,7.380330525483494e-12,7.380330525483494e-12,4.023911696064278e-11,4.023911696064278e-11,4.7619447486126275e-11,4.7619447486126275e-11,0.006670113013496443,1.559816346703205,1.0,0.44456808785883606,1.0010337717315236,1.0,0.0,0.0,input_tied,0.16324668849867235,2.2372456970863046e-27,0.10702376707827714,0.5253311760113416,1.0452097502090278e-26,5.6207073804593766e-08,5.546228976920903e-08,-7.447840353847369e-10,7.447840353847369e-10,12.249999016376224,12.249999029409944
18.4,1.34,1.7949803590232282e-09,1.9969300124387082e-09,3.8732741948561017e-10,1.7966016795096533e-09,1.9987337444532946e-09,3.876772739433536e-10,1.8071485938700737e-09,2.010467271073277e-09,3.899531256551686e-10,1.8037320145863918e-12,1.8037320145863918e-12,1.1733526619982158e-11,1.1733526619982158e-11,1.353725863456855e-11,1.353725863456855e-11,0.006779035093992333,1.5896510516836373,1.0,0.463514527796402,1.0009032524942543,1.0,0.0,0.0,input_tied,0.14263591668139713,3.1770480497800524e-27,0.09421603304878111,0.5139240325215798,1.686044268142297e-26,5.6207073804593766e-08,5.546228976920903e-08,-7.447840353847369e-10,7.447840353847369e-10,12.249999016376224,12.249999029409944
19.200000000000003,1.34,0.0,0.0,0.0,1e-30,1e-30,1e-30,1.0057161736535278e-30,1.0057161736535278e-30,1.0057161736535278e-30,1e-30,1e-30,5.716173653527695e-33,5.716173653527695e-33,1.0057161736535278e-30,1.0057161736535278e-30,1.0057161736535276,1.5704009692603986,1.0,0.4513309811859851,1.0006470199295994,1.0,0.0,0.0,input_tied,0.10217329191624851,0.0,0.10217329191624851,0.0,0.0,5.6207073804593766e-08,5.546228976920903e-08,-7.447840353847369e-10,7.447840353847369e-10,12.249999016376224,12.249999029409944
20.0,1.34,0.0,0.0,0.0,1e-30,1e-30,1e-30,1.0055641423643005e-30,1.0055641423643005e-30,1.0055641423643005e-30,1e-30,1e-30,5.564142364300414e-33,5.564142364300414e-33,1.0055641423643005e-30,1.0055641423643005e-30,1.0055641423643005,1.5516627094173834,1.0,0.43932707173589636,1.000696715514015,1.0,0.0,0.0,input_tied,0.11002090405486509,0.0,0.11002090405486509,0.0,0.0,5.6207073804593766e-08,5.546228976920903e-08,-7.447840353847369e-10,7.447840353847369e-10,12.249999016376224,12.249999029409944
4.0,1.53,0.00017387333880179367,0.0015026456270817725,0.0003321607154432916,0.00017402067986468483,0.0015039189758618023,0.00033244218995342274,0.00017456633743310213,0.0015086346497236874,0.00033348459248368727,1.2733487800298e-06,1.2733487800298e-06,4.7156738618851e-06,4.7156738618851e-06,5.9890226419149e-06,5.9890226419149e-06,0.003985652061920906,1.280917082806759,1.0,0.24757629233153006,1.00084740457569,1.0,0.0,0.0,input_tied,0.13381676687574498,4.44107024897917e-30,0.07718149434815945,0.7337934177862434,2.8770304892944045e-29,2.669646112893075,2.6696157977520674,-3.031514100770849e-05,3.031514100770849e-05,10.075007824903096,10.074526711885115
4.8,1.53,0.00019655889291713153,0.0015689295309817973,0.00015160543605118862,0.00019671368279543033,0.0015701650609929601,0.00015172482513935208,0.00019748026726133623,0.001576283924345832,0.00015231609002947703,1.2355300111628175e-06,1.2355300111628175e-06,6.118863352871885e-06,6.118863352871885e-06,7.3543933640347024e-06,7.3543933640347024e-06,0.004687523065126134,1.3602809677586774,1.0,0.30769127235057525,1.0007874987287604,1.0,0.0,0.0,input_tied,0.12435681470762867,4.2580504244041484e-30,0.07111786048012514,0.748601741785833,2.993657567633182e-29,13.825682714850911,13.825130919705385,-0.0005517951455260572,0.0005517951455260572,964.9849433134043,964.8992398238673
5.6,1.53,0.00015719530462393548,0.0013021553945598374,5.951824722330873e-05,0.00015738744981882885,0.0013037470636155242,5.9590998411646026e-05,0.0001581011793128953,0.001309659369413579,5.986123503595259e-05,1.5916690556867265e-06,1.5916690556867265e-06,5.912305798054908e-06,5.912305798054908e-06,7.503974853741635e-06,7.503974853741635e-06,0.005762733760572542,1.4305484675437201,1.0,0.35805791447458585,1.0012223341870996,1.0,0.0,0.0,input_tied,0.19302327796159297,7.35644616974402e-30,0.1092096338293002,0.767456507209771,3.368039023572999e-29,57.99940089845018,57.992876679145176,-0.006524219305006795,0.006524219305006795,20021.826137896765,20017.210567630835
6.4,1.53,0.00010403474215719093,0.000672273208373244,2.722622148192537e-05,0.00010418351840196591,0.0006732346014745359,2.7265156696330693e-05,0.00010469863423610453,0.0006765632834832536,2.7399964141404324e-05,9.61393101291813e-07,9.61393101291813e-07,3.328682008717763e-06,3.328682008717763e-06,4.290075110009576e-06,4.290075110009576e-06,0.006381445901124977,1.4775528482269376,1.0,0.3903872383399466,1.001430063089407,1.0,0.0,0.0,input_tied,0.2258265113767722,1.1823810292177727e-29,0.1316552460415761,0.7152868432258086,4.490444037620735e-29,59.89480439295721,59.886090340513455,-0.008714052443757225,0.008714052443757225,21385.26338106454,21378.892270741882
7.2,1.53,7.600608727404467e-05,0.00012096542439756656,1.756794575258709e-05,7.611647914273531e-05,0.00012114111557869598,1.7593461582045476e-05,7.650229358345412e-05,0.00012175514807575098,1.7682638217867743e-05,1.756911811294249e-07,1.756911811294249e-07,6.140324970549919e-07,6.140324970549919e-07,7.897236781844168e-07,7.897236781844168e-07,0.006528507481517202,1.4921401916441892,1.0,0.40021145959540433,1.0014524082563625,1.0,0.0,0.0,input_tied,0.22935511870679548,2.3357433569729836e-29,0.14069871838435052,0.6301151946548642,8.30051397693748e-29,3.5328021094317967,3.5323093417328533,-0.0004927676989434637,0.0004927676989434637,28.430280237479515,28.41714455525746
8.0,1.53,6.313931741925957e-05,8.59108246442703e-05,1.3492970193872364e-05,6.323695425152791e-05,8.604367468317917e-05,1.3513835336567413e-05,6.354323640097914e-05,8.646041900523845e-05,1.3579288307590505e-05,1.3285003890886832e-07,1.3285003890886832e-07,4.1674432205927306e-07,4.1674432205927306e-07,5.495943609681414e-07,5.495943609681414e-07,0.006397265574435337,1.4658274448318904,1.0,0.38241989178356733,1.0015463713619204,1.0,0.0,0.0,input_tied,0.24419317758924025,2.959948104208994e-29,0.1520636193182569,0.6058619325518196,9.732597834640713e-29,2.3263362881363197,2.3255724837896943,-0.0007638043466253741,0.0007638043466253741,5.363118241988591,5.3542776421789
8.8,1.53,2.2146857972329627e-05,5.8482307540217285e-05,7.0477502321363354e-06,2.2172600928797663e-05,5.855028591886761e-05,7.055942361586488e-06,2.2295353537528563e-05,5.8874433742641703e-05,7.0950056782772545e-06,6.79783786503241e-08,6.79783786503241e-08,3.2414782377409446e-07,3.2414782377409446e-07,3.9212620242441856e-07,3.9212620242441856e-07,0.006705039847389059,1.5482467554553723,1.0,0.43712316521321565,1.0011623751098326,1.0,0.0,0.0,input_tied,0.18355491999553522,2.8754741717800284e-29,0.11517223325097901,0.5937428216360034,1.2483365524023064e-28,1.583685400999389,1.5837193553528175,3.3954353428455875e-05,3.3954353428455875e-05,0.2108770408769149,0.21095500957034288
9.600000000000001,1.53,1.097514713937607e-05,4.35798382909594e-05,3.956029595148473e-06,1.098778294941105e-05,4.363001224771886e-05,3.960584216405232e-06,1.1048592166406263e-05,4.3871471957515685e-05,3.982503108155465e-06,5.0173956759459834e-08,5.0173956759459834e-08,2.414597097968272e-07,2.414597097968272e-07,2.91633666556287e-07,2.91633666556287e-07,0.006691940080392317,1.5480056645464257,1.0,0.4369674344285572,1.0011513112192953,1.0,0.0,0.0,input_tied,0.18180778043169266,3.492889648422798e-29,0.11485685465158924,0.5829075328868677,1.5205403539119413e-28,0.9999999985710005,0.9999999985705639,-4.3665071558507407e-13,4.3665071558507407e-13,1.0000000071449966,1.0000000071471802
10.4,1.53,7.422066698272933e-06,2.996797587290715e-05,2.109988139363075e-06,7.431357092551003e-06,3.0005487569162827e-05,2.1126292664956693e-06,7.470949034982267e-06,3.0165347406560645e-05,2.1238846933653515e-06,3.751169625567619e-08,3.751169625567619e-08,1.5985983739781818e-07,1.5985983739781818e-07,1.9737153365349436e-07,1.9737153365349436e-07,0.006586081572226908,1.5229622419775668,1.0,0.42065728173279693,1.001251726056333,1.0,0.0,0.0,input_tied,0.19766465591266552,4.717225151480274e-29,0.12533762689732517,0.577057590811015,1.8818072705910408e-28,0.4952546155615997,0.4951524300922938,-0.00010218546930590433,0.00010218546930590433,5.116026316641176,5.117182029799257
11.2,1.53,4.55850826933179e-06,1.6473387521730898e-05,7.956065666794266e-07,4.5646605932765175e-06,1.6495620588013253e-05,7.966803454336947e-07,4.588078992969154e-06,1.658024923196483e-05,8.007676107134211e-07,2.2233066282355745e-08,2.2233066282355745e-08,8.462864395157612e-08,8.462864395157612e-08,1.0686171023393187e-07,1.0686171023393187e-07,0.006486929910011833,1.499419168235305,1.0,0.40507781194222237,1.0013496353590314,1.0,0.0,0.0,input_tied,0.21312587326978877,6.981484471228805e-29,0.1353663151635882,0.5744380203614855,2.5787377246665034e-28,0.15211174530907887,0.15204996734676865,-6.17779623102166e-05,6.17779623102166e-05,9.732656851222206,9.733620524995006
12.0,1.53,2.510495040651734e-06,8.24875566999673e-06,4.85995059390614e-07,2.51411310229328e-06,8.26064356700383e-06,4.866954631173251e-07,2.5265526227296396e-06,8.301516208881197e-06,4.891035720262715e-07,1.1887897007100125e-08,1.1887897007100125e-08,4.0872641877366116e-08,4.0872641877366116e-08,5.276053888446624e-08,5.276053888446624e-08,0.006396181556979873,1.4779687035454037,1.0,0.3906686474340275,1.0014411745822875,1.0,0.0,0.0,input_tied,0.22758116800133668,1.057583853424605e-28,0.14464355018632655,0.5733931288894097,3.6558279026691803e-28,0.03820531857701918,0.03818289593713251,-2.2422639886665596e-05,2.2422639886665596e-05,11.590529714699482,11.590911405738591
12.8,1.53,6.987852418857462e-07,2.0494063235063287e-06,2.0546643992315397e-07,6.994683103234877e-07,2.051409635384979e-06,2.0566728509233338e-07,7.035100449445313e-07,2.0632632865410167e-06,2.0685569144942668e-07,2.003311878650131e-09,2.003311878650131e-09,1.1853651156037815e-08,1.1853651156037815e-08,1.3856963034687946e-08,1.3856963034687946e-08,0.006761452268274488,1.5781226258875372,1.0,0.4562359290923607,1.0009775083914167,1.0,0.0,0.0,input_tied,0.1543619379524696,1.3010582156348206e-28,0.10063809092004923,0.533832135936488,6.464044596535675e-28,0.002360305954272825,0.0023606318649893186,3.259107164937762e-07,3.259107164937762e-07,12.20872946482646,12.208723771005197
13.600000000000001,1.53,2.232610521873227e-07,5.624688831972289e-07,8.96475643025798e-08,2.2347294912257978e-07,5.630027220883355e-07,8.973264875391097e-08,2.2477389548761806e-07,5.662802388870497e-07,9.025502680315587e-08,5.338388911065775e-10,5.338388911065775e-10,3.277516798714273e-09,3.277516798714273e-09,3.8113556898208505e-09,3.8113556898208505e-09,0.006776118295035362,1.5835144599575646,1.0,0.4596467185984162,1.0009490994205263,1.0,0.0,0.0,input_tied,0.14987577308638791,2.307639854559273e-28,0.09808481357269962,0.528022204735102,1.1763492076420526e-27,0.0001778169474603173,0.00017784668529915272,2.973783883540842e-08,2.973783883540842e-08,12.246888401037362,12.246887880691286
14.4,1.53,1.1132123591249421e-07,2.7938770589495537e-07,4.078620812271061e-08,1.1143726909013547e-07,2.79678919364184e-07,4.082872070616895e-08,1.1206571400773088e-07,2.8125615467215653e-07,4.1058972238974916e-08,2.912134692286357e-10,2.912134692286357e-10,1.5772353079725177e-09,1.5772353079725177e-09,1.8684487772011534e-09,1.8684487772011534e-09,0.0066876556762438776,1.5609164733916419,1.0,0.4452731317042589,1.001042327429175,1.0,0.0,0.0,input_tied,0.1645977501178062,3.66667405690266e-28,0.10740742647090296,0.5324615394485438,1.7068996890526815e-27,4.387353593329951e-05,4.387316249189866e-05,-3.7344140084959176e-10,3.7344140084959176e-10,12.249232225151708,12.249232231686731
15.200000000000001,1.53,4.969943543930482e-08,1.4682169477065802e-07,1.1758004737706234e-08,4.9755632970690884e-08,1.469877130911298e-07,1.1771300076666204e-08,5.002769921804224e-08,1.4779144913305733e-07,1.1835666124228936e-08,1.66018320471781e-10,1.66018320471781e-10,8.03736041927529e-10,8.03736041927529e-10,9.6975436239931e-10,9.6975436239931e-10,0.006604980033189981,1.5399344597018174,1.0,0.4317398568847099,1.0011307478825326,1.0,0.0,0.0,input_tied,0.17856054844746974,5.806980885303899e-28,0.11619019864791928,0.5367952764117886,2.4989116779549847e-27,1.2116337699854602e-05,1.2114244524926055e-05,-2.0931749285467e-09,2.0931749285467e-09,12.249787965007787,12.24978800163803
16.0,1.53,2.0165899259331023e-08,5.592745925340518e-08,5.235984898689021e-09,2.0190415649756553e-08,5.599545222554749e-08,5.24235046902078e-09,2.0297506977138166e-08,5.6292455883629186e-08,5.270156249746935e-09,6.799297214230937e-11,6.799297214230937e-11,2.9700365808169813e-10,2.9700365808169813e-10,3.649966302240075e-10,3.649966302240075e-10,0.006526250880988921,1.520124718640573,1.0,0.4187923832293445,1.0012157350441084,1.0,0.0,0.0,input_tied,0.1919811830702744,1.0133096077725613e-27,0.12459912372608362,0.5407907963487949,4.066279029378257e-27,1.7580902120904716e-06,1.7575115493649473e-06,-5.786627255243103e-10,5.786627255243103e-10,12.249969233440604,12.249969243567186
16.8,1.53,9.37282974009124e-09,2.4970186065191604e-08,2.229373390522328e-09,9.385007871877469e-09,2.5002629865523094e-08,2.2322700187235597e-09,9.433308731509447e-09,2.513130834209462e-08,2.243758614397318e-09,3.244380033149006e-11,3.244380033149006e-11,1.286784765715244e-10,1.286784765715244e-10,1.6112227690301447e-10,1.6112227690301447e-10,0.006452586155439932,1.5013415333766713,1.0,0.40635906399495303,1.0012993015048741,1.0,0.0,0.0,input_tied,0.20517746961355626,1.6370210552937433e-27,0.13268580337603814,0.5463407869798486,6.168787517735958e-27,3.504568338471491e-07,3.5029020443585636e-07,-1.666294112927641e-10,1.666294112927641e-10,12.249993867006175,12.249993869922188
17.6,1.53,3.484410888318046e-09,7.139226485334225e-09,8.222198924376402e-10,3.4880129737954025e-09,7.146606815859708e-09,8.230698801195386e-10,3.507652302728585e-09,7.186845932820351e-09,8.277041920421441e-10,7.380330525483494e-12,7.380330525483494e-12,4.023911696064278e-11,4.023911696064278e-11,4.7619447486126275e-11,4.7619447486126275e-11,0.006670113013496442,1.559816346703205,1.0,0.44456808785883606,1.0010337717315236,1.0,0.0,0.0,input_tied,0.16324668849867235,2.2372456970863042e-27,0.10702376707827714,0.5253311760113416,1.0452097502090277e-26,5.6207073804593766e-08,5.546228976920903e-08,-7.447840353847369e-10,7.447840353847369e-10,12.249999016376224,12.249999029409944
18.4,1.53,1.7949803590232282e-09,1.9969300124387082e-09,3.8732741948561017e-10,1.7966016795096533e-09,1.9987337444532946e-09,3.876772739433536e-10,1.8071485938700737e-09,2.010467271073277e-09,3.899531256551686e-10,1.8037320145863918e-12,1.8037320145863918e-12,1.1733526619982158e-11,1.1733526619982158e-11,1.353725863456855e-11,1.353725863456855e-11,0.006779035093992333,1.5896510516836373,1.0,0.463514527796402,1.0009032524942543,1.0,0.0,0.0,input_tied,0.14263591668139713,3.1770480497800524e-27,0.09421603304878111,0.5139240325215798,1.686044268142297e-26,5.6207073804593766e-08,5.546228976920903e-08,-7.447840353847369e-10,7.447840353847369e-10,12.249999016376224,12.249999029409944
19.200000000000003,1.53,0.0,0.0,0.0,1e-30,1e-30,1e-30,1.0057161736535278e-30,1.0057161736535278e-30,1.0057161736535278e-30,1e-30,1e-30,5.716173653527695e-33,5.716173653527695e-33,1.0057161736535278e-30,1.0057161736535278e-30,1.0057161736535276,1.5704009692603986,1.0,0.4513309811859851,1.0006470199295994,1.0,0.0,0.0,input_tied,0.10217329191624851,0.0,0.10217329191624851,0.0,0.0,5.6207073804593766e-08,5.546228976920903e-08,-7.447840353847369e-10,7.447840353847369e-10,12.249999016376224,12.249999029409944
20.0,1.53,0.0,0.0,0.0,1e-30,1e-30,1e-30,1.0055641423643005e-30,1.0055641423643005e-30,1.0055641423643005e-30,1e-30,1e-30,5.564142364300414e-33,5.564142364300414e-33,1.0055641423643005e-30,1.0055641423643005e-30,1.0055641423643005,1.5516627094173834,1.0,0.43932707173589636,1.000696715514015,1.0,0.0,0.0,input_tied,0.11002090405486509,0.0,0.11002090405486509,0.0,0.0,5.6207073804593766e-08,5.546228976920903e-08,-7.447840353847369e-10,7.447840353847369e-10,12.249999016376224,12.249999029409944
4.0,1.72,0.00017546967634369186,0.0015062102895496698,0.00033058115034984557,0.00017561843536285598,0.0015074872188174336,0.0003308614091883235,0.00017616910283803111,0.0015122140812275776,0.0003318988550376398,1.2769292677637916e-06,1.2769292677637916e-06,4.726862410143985e-06,4.726862410143985e-06,6.0037916779077764e-06,6.0037916779077764e-06,0.003986024872863406,1.280917082806759,1.0,0.24757629233153006,1.0008477762213042,1.0,0.0,0.0,input_tied,0.13387545479875687,4.4408936087870074e-30,0.07718149434815945,0.7345538063160009,2.8769160575943875e-29,2.70794422947878,2.707913190070235,-3.103940854476406e-05,3.103940854476406e-05,10.691988171417746,10.69148070474812
4.8,1.72,0.00019669403916908887,0.0015690153031258096,0.00015154556176445792,0.0001968489330815491,0.001570250881590911,0.00015166490185771565,0.00019761604461179986,0.001576370079382833,0.00015225593322947933,1.2355784651013786e-06,1.2355784651013786e-06,6.119197791922123e-06,6.119197791922123e-06,7.354776257023502e-06,7.354776257023502e-06,0.004687510849875865,1.3602809677586774,1.0,0.30769127235057525,1.0007874865609276,1.0,0.0,0.0,input_tied,0.12435489324048137,4.257996383190322e-30,0.07111786048012514,0.7485747237184399,2.9936195735108464e-29,13.837975432668275,13.8374227129339,-0.0005527197343742074,0.0005527197343742074,966.8952053978721,966.8092733762752
5.6,1.72,0.00015720305812159702,0.0013021505570288893,5.951635142517858e-05,0.00015739521195682718,0.0013037422132381894,5.9589099979321895e-05,0.0001581089766510753,0.0013096544970404792,5.985932799451036e-05,1.5916562093000117e-06,1.5916562093000117e-06,5.91228380228989e-06,5.91228380228989e-06,7.5039400115899015e-06,7.5039400115899015e-06,0.005762728411921587,1.4305484675437201,1.0,0.35805791447458585,1.0012223288625945,1.0,0.0,0.0,input_tied,0.19302243714948175,7.35644251703549e-30,0.1092096338293002,0.7674488081443888,3.3680373512349457e-29,58.00239842037685,57.995873440642264,-0.006524979734585656,0.006524979734585656,20023.946918369245,20019.330565682478
6.4,1.72,0.0001040351322255933,0.0006722726984645482,2.722614820498002e-05,0.00010418390895269739,0.0006732340903488022,2.7265083294837974e-05,0.00010469902671784073,0.0006765627698303548,2.7399890376991713e-05,9.613918842540578e-07,9.613918842540578e-07,3.3286794815525454e-06,3.3286794815525454e-06,4.290071365806603e-06,4.290071365806603e-06,0.006381445171884869,1.4775528482269376,1.0,0.3903872383399466,1.0014300623637549,1.0,0.0,0.0,input_tied,0.22582639678636063,1.182381029236666e-29,0.1316552460415761,0.715285972843389,4.4904440376924884e-29,59.894956870581844,59.886242740083595,-0.008714130498248096,0.008714130498248096,21385.374870570184,21379.00368657488
7.2,1.72,7.600611083566206e-05,0.00012096541293186556,1.7567941492032634e-05,7.611650273381516e-05,0.00012114110408876865,1.7593457314203056e-05,7.650231729411097e-05,0.00012175513652758422,1.7682633928392748e-05,1.7569115690308998e-07,1.7569115690308998e-07,6.140324388155679e-07,6.140324388155679e-07,7.897235957186579e-07,7.897235957186579e-07,0.006528507418591413,1.4921401916441892,1.0,0.40021145959540433,1.0014524081937541,1.0,0.0,0.0,input_tied,0.22935510882007334,2.3357433122996252e-29,0.14069871838435052,0.630115124386121,8.300513818182094e-29,3.5328024164102216,3.532309648342497,-0.0004927680677244695,0.0004927680677244695,28.430288421533007,28.41715272759065
8.0,1.72,6.313931918440703e-05,8.591082371023913e-05,1.3492969877840782e-05,6.323695601906357e-05,8.604367374723914e-05,1.3513835019974175e-05,6.354323817707569e-05,8.646041806476528e-05,1.3579287989463879e-05,1.3285003700000842e-07,1.3285003700000842e-07,4.1674431752614246e-07,4.1674431752614246e-07,5.495943545261509e-07,5.495943545261509e-07,0.0063972655690024355,1.4658274448318904,1.0,0.38241989178356733,1.0015463713565136,1.0,0.0,0.0,input_tied,0.24419317673545146,2.959948099877041e-29,0.1520636193182569,0.605861926937138,9.73259782039683e-29,2.3263362853869025,2.3255724810113967,-0.0007638043755058277,0.0007638043755058277,5.363118210152532,5.354277610034953
8.8,1.72,2.2146858031798164e-05,5.848230747383244e-05,7.047750213527136e-06,2.2172600988327135e-05,5.855028585238398e-05,7.055942342953052e-06,2.2295353597387606e-05,5.887443367579e-05,7.0950056595406596e-06,6.797837855153973e-08,6.797837855153973e-08,3.2414782340602137e-07,3.2414782340602137e-07,3.921262019575611e-07,3.921262019575611e-07,0.0067050398470172475,1.5482467554553723,1.0,0.43712316521321565,1.001162375109463,1.0,0.0,0.0,input_tied,0.1835549199371437,2.875474171875325e-29,0.11517223325097901,0.5937428211290104,1.2483365524436778e-28,1.583685398875857,1.5837193532283083,3.395435245123757e-05,3.395435245123757e-05,0.21087703600114205,0.21095500469142459
9.600000000000001,1.72,1.0975147126460696e-05,4.3579838326135254e-05,3.9560295976674344e-06,1.0987782936483846e-05,4.363001228294728e-05,3.960584218928189e-06,1.1048592153407515e-05,4.3871471992939064e-05,3.982503110692384e-06,5.017395681202331e-08,5.017395681202331e-08,2.4145970999178706e-07,2.4145970999178706e-07,2.9163366680381037e-07,2.9163366680381037e-07,0.006691940080670626,1.5480056645464257,1.0,0.4369674344285572,1.0011513112195722,1.0,0.0,0.0,input_tied,0.18180778047540533,3.4928896482256284e-29,0.11485685465158924,0.5829075332674515,1.5205403538261085e-28,1.000000000104734,1.0000000001048155,8.149037000748649e-14,8.149037000748649e-14,0.9999999994763296,0.9999999994759221
10.4,1.72,7.422066713765913e-06,2.9967975834253866e-05,2.1099881392735357e-06,7.431357108059199e-06,3.0005487530444297e-05,2.1126292664048305e-06,7.470949050573086e-06,3.0165347367635836e-05,2.1238846932740287e-06,3.7511696190430934e-08,3.7511696190430934e-08,1.5985983719153855e-07,1.5985983719153855e-07,1.9737153338196948e-07,1.9737153338196948e-07,0.006586081571661264,1.5229622419775668,1.0,0.42065728173279693,1.0012517260557703,1.0,0.0,0.0,input_tied,0.19766465582380077,4.7172251520281436e-29,0.12533762689732517,0.5770575901020123,1.8818072708095983e-28,0.49525461428494955,0.4951524288153609,-0.00010218546958862262,0.00010218546958862262,5.116026331079219,5.117182044242127
11.2,1.72,4.558508463204259e-06,1.6473386745956647e-05,7.956065592201136e-07,4.564660787343189e-06,1.6495619810948226e-05,7.966803379525415e-07,4.588079188031459e-06,1.658024845091317e-05,8.007676031938867e-07,2.2233064991579178e-08,2.2233064991579178e-08,8.46286399649444e-08,8.46286399649444e-08,1.0686170495652358e-07,1.0686170495652358e-07,0.006486929895138444,1.499419168235305,1.0,0.40507781194222237,1.001349635344234,1.0,0.0,0.0,input_tied,0.21312587093305682,6.981484494274577e-29,0.1353663151635882,0.5744380030992003,2.578737733178877e-28,0.15211173099062797,0.15204995302964808,-6.177796097989185e-05,6.177796097989185e-05,9.732657074570042,9.733620748333147
12.0,1.72,2.510495903196621e-06,8.248754468793814e-06,4.859948668798594e-07,2.5141139660430274e-06,8.260642363944198e-06,4.866952703217305e-07,2.5265534907531137e-06,8.301514999868974e-06,4.891033782767482e-07,1.1887895150383576e-08,1.1887895150383576e-08,4.087263592477601e-08,4.087263592477601e-08,5.276053107515959e-08,5.276053107515959e-08,0.0063961815416812345,1.4779687035454037,1.0,0.3906686474340275,1.0014411745670644,1.0,0.0,0.0,input_tied,0.22758116559737,1.0575838733871996e-28,0.14464355018632655,0.5733931122694725,3.6558279716753496e-28,0.038205307480708266,0.03818288484615628,-2.2422634551988452e-05,2.2422634551988452e-05,11.590529903585699,11.590911594537104
12.8,1.72,6.987844758669166e-07,2.0494078504462116e-06,2.0546678754952487e-07,6.994675435440377e-07,2.0514111637827613e-06,2.0566763305503338e-07,7.03509273734403e-07,2.0632648237703335e-06,2.0685604142275798e-07,2.003313336549687e-09,2.003313336549687e-09,1.1853659987572206e-08,1.1853659987572206e-08,1.3856973324121893e-08,1.3856973324121893e-08,0.006761452251246552,1.5781226258875372,1.0,0.4562359290923607,1.0009775083744865,1.0,0.0,0.0,input_tied,0.15436193527895137,1.3010581067076808e-28,0.10063809092004923,0.533832109370819,6.464044055353213e-28,0.002360309469983995,0.0023606353811058984,3.2591112190342303e-07,3.2591112190342303e-07,12.20872940340524,12.208723709576912
13.600000000000001,1.72,2.2326097685107758e-07,5.624671636841482e-07,8.964892113695143e-08,2.2347287325237441e-07,5.630009997781818e-07,8.97340066903562e-08,2.2477381917573478e-07,5.662785065504784e-07,9.025639264481956e-08,5.338360940336379e-10,5.338360940336379e-10,3.2775067722965496e-09,3.2775067722965496e-09,3.8113428663301875e-09,3.8113428663301875e-09,0.006776116211595307,1.5835144599575646,1.0,0.4596467185984162,1.0009490973491448,1.0,0.0,0.0,input_tied,0.14987544598692867,2.3076389413178866e-28,0.09808481357269962,0.5280188698716575,1.176348742105466e-27,0.00017781586007442477,0.00017784559699532822,2.973692090344534e-08,2.973692090344534e-08,12.246888420064193,12.246887899734181
14.4,1.72,1.1131778408205825e-07,2.793856995637378e-07,4.079043472895838e-08,1.1143381232528538e-07,2.796769075874195e-07,4.0832951228196116e-08,1.1206223774862794e-07,2.812541315500774e-07,4.1063226618819925e-08,2.9120802368171694e-10,2.9120802368171694e-10,1.5772239626578975e-09,1.5772239626578975e-09,1.8684319863396144e-09,1.8684319863396144e-09,0.006687643602579447,1.5609164733916419,1.0,0.4452731317042589,1.0010423154232175,1.0,0.0,0.0,input_tied,0.16459585421296588,3.666660267086898e-28,0.10740742647090296,0.5324438879238529,1.706893269656828e-27,4.3872905743734615e-05,4.387253125533928e-05,-3.7448839533126433e-10,3.7448839533126433e-10,12.249232236179681,12.249232242733024
15.200000000000001,1.72,4.969935956280208e-08,1.468265967665568e-07,1.1755841992615058e-08,4.9755558361164556e-08,1.469926246264431e-07,1.1769135206039454e-08,5.0027624200547354e-08,1.477963875248872e-07,1.183348941598316e-08,1.6602785988629666e-10,1.6602785988629666e-10,8.037628984440838e-10,8.037628984440838e-10,9.697907583303805e-10,9.697907583303805e-10,0.006605007401160939,1.5399344597018174,1.0,0.4317398568847099,1.0011307751016683,1.0,0.0,0.0,input_tied,0.1785648467210658,5.806977341389925e-28,0.11619019864791928,0.5368322698384808,2.498910152906394e-27,1.2117146782239154e-05,1.211505412631325e-05,-2.092655925903239e-09,2.092655925903239e-09,12.249787950848967,12.249787987470127
16.0,1.72,2.0163442579738157e-08,5.5954599010270144e-08,5.232202680327354e-09,2.0187959328576543e-08,5.602263425994848e-08,5.238564520498139e-09,2.0295037627464824e-08,5.6319782093375325e-08,5.2663502202977936e-09,6.803524967833907e-11,6.803524967833907e-11,2.971478334268418e-10,2.971478334268418e-10,3.6518308310518085e-10,3.6518308310518085e-10,0.006526417659398356,1.520124718640573,1.0,0.4187923832293445,1.0012159009425812,1.0,0.0,0.0,input_tied,0.19200738070701523,1.013291837997008e-27,0.12459912372608362,0.5410010517338844,4.066207721591245e-27,1.7597969128265041e-06,1.7592182713470672e-06,-5.786414794369166e-10,5.786414794369166e-10,12.249969203573379,12.249969213699591
16.8,1.72,9.348980993281208e-09,2.483174332190512e-08,2.2738595152411433e-09,9.361096749592028e-09,2.4863923871964775e-08,2.276806309955081e-09,9.409274548297802e-09,2.4991888484593247e-08,2.2885241160014536e-09,3.2180550059656634e-11,3.2180550059656634e-11,1.2796461262847197e-10,1.2796461262847197e-10,1.601451626881286e-10,1.601451626881286e-10,0.006449211423140712,1.5013415333766713,1.0,0.40635906399495303,1.001295944052034,1.0,0.0,0.0,input_tied,0.20464728191232576,1.6368720998532436e-27,0.13268580337603814,0.5423449736543797,6.1682262088517e-27,3.465815158913538e-07,3.4641440591875073e-07,-1.6710997260306948e-10,1.6710997260306948e-10,12.24999393482422,12.249993937748645
17.6,1.72,3.227814287789553e-09,7.558267951327627e-09,8.704806150528686e-10,3.231159183756056e-09,7.566100378391285e-09,8.713826703877197e-10,3.249352292130939e-09,7.608701462501077e-09,8.762890084716053e-10,7.832427063657544e-12,7.832427063657544e-12,4.260108410979196e-11,4.260108410979196e-11,5.0433511173449504e-11,5.0433511173449504e-11,0.0066726281071565795,1.559816346703205,1.0,0.44456808785883606,1.001036272743186,1.0,0.0,0.0,input_tied,0.16364163243005217,2.2267218684567577e-27,0.10702376707827714,0.5290214211051341,1.0402931653621079e-26,5.6207073804593766e-08,5.546228976920903e-08,-7.447840353847369e-10,7.447840353847369e-10,12.249999016376224,12.249999029409944
18.4,1.72,1.7949803590232282e-09,1.9969300124387082e-09,3.8732741948561017e-10,1.7966016795096533e-09,1.9987337444532946e-09,3.876772739433536e-10,1.8071485938700737e-09,2.010467271073277e-09,3.899531256551686e-10,1.8037320145863918e-12,1.8037320145863918e-12,1.1733526619982158e-11,1.1733526619982158e-11,1.353725863456855e-11,1.353725863456855e-11,0.006779035093992333,1.5896510516836373,1.0,0.463514527796402,1.0009032524942543,1.0,0.0,0.0,input_tied,0.14263591668139713,3.1770480497800524e-27,0.09421603304878111,0.5139240325215798,1.686044268142297e-26,5.6207073804593766e-08,5.546228976920903e-08,-7.447840353847369e-10,7.447840353847369e-10,12.249999016376224,12.249999029409944
19.200000000000003,1.72,0.0,0.0,0.0,1e-30,1e-30,1e-30,1.0057161736535278e-30,1.0057161736535278e-30,1.0057161736535278e-30,1e-30,1e-30,5.716173653527695e-33,5.716173653527695e-33,1.0057161736535278e-30,1.0057161736535278e-30,1.0057161736535276,1.5704009692603986,1.0,0.4513309811859851,1.0006470199295994,1.0,0.0,0.0,input_tied,0.10217329191624851,0.0,0.10217329191624851,0.0,0.0,5.6207073804593766e-08,5.546228976920903e-08,-7.447840353847369e-10,7.447840353847369e-10,12.249999016376224,12.249999029409944
20.0,1.72,0.0,0.0,0.0,1e-30,1e-30,1e-30,1.0055641423643005e-30,1.0055641423643005e-30,1.0055641423643005e-30,1e-30,1e-30,5.564142364300414e-33,5.564142364300414e-33,1.0055641423643005e-30,1.0055641423643005e-30,1.0055641423643005,1.5516627094173834,1.0,0.43932707173589636,1.000696715514015,1.0,0.0,0.0,input_tied,0.11002090405486509,0.0,0.11002090405486509,0.0,0.0,5.6207073804593766e-08,5.546228976920903e-08,-7.447840353847369e-10,7.447840353847369e-10,12.249999016376224,12.249999029409944
4.0,1.91,0.0001770686030823247,0.0015097107933558257,0.00032901266865519187,0.00017721878166070503,0.0015109912361715755,0.0003292917167415699,0.00017777446716632451,0.0015157290857448005,0.0003303242406783622,1.2804428157497678e-06,1.2804428157497678e-06,4.737849573225022e-06,4.737849573225022e-06,6.01829238897479e-06,6.01829238897479e-06,0.003986387601824829,1.280917082806759,1.0,0.24757629233153006,1.0008481378164513,1.0,0.0,0.0,input_tied,0.133932555615661,4.440713772995019e-30,0.07718149434815945,0.7352936315472478,2.876799555709119e-29,2.746467375141842,2.746435598493229,-3.1776648612868996e-05,3.1776648612868996e-05,11.331089952008512,11.330555130561375
4.8,1.91,0.0001968291957807986,0.001569100759423203,0.00015148572824697445,0.00019698419372266073,0.0015703363860146756,0.00015160501937147773,0.0001977518323576093,0.0015764559170135311,0.00015219581738385796,1.2356265914725394e-06,1.2356265914725394e-06,6.119530998855522e-06,6.119530998855522e-06,7.355157590328062e-06,7.355157590328062e-06,0.004687498585515819,1.3602809677586774,1.0,0.30769127235057525,1.0007874743441758,1.0,0.0,0.0,input_tied,0.12435296404835063,4.2579423631220225e-30,0.07111786048012514,0.7485475970287769,2.9935815942550487e-29,13.850270229616779,13.849716584212103,-0.0005536454046755068,0.0005536454046755068,968.8076799405114,968.7215189200366
5.6,1.91,0.00015721081154981964,0.001302145718377103,5.951445574389357e-05,0.00015740297402519108,0.0013037373617384653,5.9587201663995294e-05,0.00015811677391930508,0.0013096496235399002,5.985742107059623e-05,1.5916433613622372e-06,1.5916433613622372e-06,5.912261801434976e-06,5.912261801434976e-06,7.503905162797213e-06,7.503905162797213e-06,0.005762723063091218,1.4305484675437201,1.0,0.35805791447458585,1.001222323537911,1.0,0.0,0.0,input_tied,0.19302159630912527,7.35643886474901e-30,0.1092096338293002,0.767441108820373,3.368035679090121e-29,58.00539587965784,57.99887013944152,-0.006525740216318354,0.006525740216318354,20026.067766829903,20021.450631633532
6.4,1.91,0.00010403552229313707,0.0006722721885536273,2.722607492848957e-05,0.00010418429950256862,0.0006732335792208422,2.7265009893800955e-05,0.00010469941919871243,0.0006765622561752185,2.7399816613037055e-05,9.61390667214893e-07,9.61390667214893e-07,3.3286769543763774e-06,3.3286769543763774e-06,4.2900676215912705e-06,4.2900676215912705e-06,0.00638144444264639,1.4775528482269376,1.0,0.3903872383399466,1.0014300616381042,1.0,0.0,0.0,input_tied,0.2258262821962151,1.1823810292561995e-29,0.1316552460415761,0.7152851024629905,4.4904440377666726e-29,59.895109346967295,59.88639513841438,-0.008714208552916602,0.008714208552916602,21385.48635946038,21379.11510179213
7.2,1.91,7.600613439744054e-05,0.000120965401465862,1.7567937231564875e-05,7.611652632505618e-05,0.00012114109259853809,1.7593453046447423e-05,7.650234100492979e-05,0.00012175512497911269,1.7682629639004984e-05,1.75691132676091e-07,1.75691132676091e-07,6.140323805745989e-07,6.140323805745989e-07,7.897235132506899e-07,7.897235132506899e-07,0.0065285073556636776,1.4921401916441892,1.0,0.40021145959540433,1.0014524081311438,1.0,0.0,0.0,input_tied,0.22935509893303796,2.3357432676254102e-29,0.14069871838435052,0.6301150541151511,8.300513659423665e-29,3.5328027233511197,3.5323099549146186,-0.0004927684365010343,0.0004927684365010343,28.430296604587205,28.41716089892489
8.0,1.91,6.313932095074384e-05,8.591082277430941e-05,1.3492969562109996e-05,6.323695778778953e-05,8.604367280939641e-05,1.351383470368201e-05,6.35432399543683e-05,8.64604171223802e-05,1.3579287671639781e-05,1.3285003508700145e-07,1.3285003508700145e-07,4.167443129837826e-07,4.167443129837826e-07,5.49594348070784e-07,5.49594348070784e-07,0.006397265563555207,1.4658274448318904,1.0,0.38241989178356733,1.0015463713510928,1.0,0.0,0.0,input_tied,0.24419317587942924,2.959948095536938e-29,0.1520636193182569,0.6058619213077692,9.73259780612615e-29,2.3263362824892138,2.325572478084852,-0.0007638044043618564,0.0007638044043618564,5.3631181765996025,5.354277576175836
8.8,1.91,2.2146858093062132e-05,5.848230740181678e-05,7.047750195432859e-06,2.2172601049653106e-05,5.855028578026029e-05,7.055942324834811e-06,2.2295353659053092e-05,5.887443360326702e-05,7.0950056413221125e-06,6.797837844351254e-08,6.797837844351254e-08,3.2414782300673004e-07,3.2414782300673004e-07,3.921262014502426e-07,3.921262014502426e-07,0.006705039846599162,1.5482467554553723,1.0,0.43712316521321565,1.001162375109047,1.0,0.0,0.0,input_tied,0.1835549198714861,2.875474171963098e-29,0.11517223325097901,0.5937428205589284,1.2483365524817828e-28,1.583685396406778,1.5837193507581224,3.395435134434521e-05,3.395435134434521e-05,0.21087703033197022,0.21095499901866283
9.600000000000001,1.91,1.0975147142881639e-05,4.3579838312784185e-05,3.956029585909805e-06,1.0987782952924616e-05,4.363001226958449e-05,3.960584207157355e-06,1.1048592169939273e-05,4.387147197950233e-05,3.9825030988564075e-06,5.017395680030715e-08,5.017395680030715e-08,2.414597099178377e-07,2.414597099178377e-07,2.9163366671814485e-07,2.9163366671814485e-07,0.006691940080755046,1.5480056645464257,1.0,0.4369674344285572,1.0011513112196562,1.0,0.0,0.0,input_tied,0.18180778048866122,3.4928896485149943e-29,0.11485685465158924,0.5829075333828638,1.5205403539520765e-28,0.9999999998666329,0.9999999998668715,2.3858692799194614e-13,2.3858692799194614e-13,1.000000000666835,1.0000000006656418
10.4,1.91,7.422066627137991e-06,2.9967976066891604e-05,2.109988157761444e-06,7.431357021339305e-06,3.0005487763439703e-05,2.1126292849205607e-06,7.470948963391176e-06,3.016534760187257e-05,2.123884711888405e-06,3.7511696548099067e-08,3.7511696548099067e-08,1.5985983843286533e-07,1.5985983843286533e-07,1.973715349809644e-07,1.973715349809644e-07,0.0065860815738911045,1.5229622419775668,1.0,0.42065728173279693,1.0012517260579883,1.0,0.0,0.0,input_tied,0.19766465617407375,4.717225148679678e-29,0.12533762689732517,0.5770575928966478,1.88180726947382e-28,0.49525462181040975,0.49515243634145445,-0.0001021854689552959,0.0001021854689552959,5.116026245971404,5.117181959117534
11.2,1.91,4.558508325247046e-06,1.647338704653586e-05,7.956065947750324e-07,4.564660649208584e-06,1.649562011196491e-05,7.966803735569823e-07,4.588079049188173e-06,1.6580248753474183e-05,8.007676389809916e-07,2.2233065429051366e-08,2.2233065429051366e-08,8.462864150927181e-08,8.462864150927181e-08,1.0686170693832318e-07,1.0686170693832318e-07,0.006486929897078744,1.499419168235305,1.0,0.40507781194222237,1.0013496353461644,1.0,0.0,0.0,input_tied,0.21312587123792423,6.981484482460743e-29,0.1353663151635882,0.5744380053513664,2.578737728815223e-28,0.15211173650453153,0.15204995854191194,-6.177796261958024e-05,6.177796261958024e-05,9.732656988560846,9.733620662345272
12.0,1.91,2.510496352409041e-06,8.248753478481527e-06,4.859947199334832e-07,2.51411441588931e-06,8.26064137216024e-06,4.866951231609596e-07,2.52655394282518e-06,8.301514003177792e-06,4.89103230387844e-07,1.1887893678712958e-08,1.1887893678712958e-08,4.087263101755162e-08,4.087263101755162e-08,5.2760524696264576e-08,5.2760524696264576e-08,0.00639618153626492,1.4779687035454037,1.0,0.3906686474340275,1.0014411745616747,1.0,0.0,0.0,input_tied,0.2275811647462888,1.0575838856466794e-28,0.14464355018632655,0.573393106385483,3.655828014053595e-28,0.03820529833066001,0.03818287570105381,-2.2422629606201616e-05,2.2422629606201616e-05,11.590530059341788,11.590911750211568
12.8,1.91,6.987855075059003e-07,2.049404607100038e-06,2.0546663607679254e-07,6.994685760249142e-07,2.051407916777751e-06,2.056674813852659e-07,7.035103121812592e-07,2.0632615580031686e-06,2.0685588887659776e-07,2.0033096777129445e-09,2.0033096777129445e-09,1.1853641225417612e-08,1.1853641225417612e-08,1.3856950903130557e-08,1.3856950903130557e-08,0.0067614520115373946,1.5781226258875372,1.0,0.4562359290923607,1.0009775081361545,1.0,0.0,0.0,input_tied,0.15436189764305913,1.301058256119582e-28,0.10063809092004923,0.5338317353981821,6.464044797676025e-28,0.0023603019998810148,0.0023606279088476127,3.25908966597975e-07,3.25908966597975e-07,12.208729533911647,12.208723840120935
13.600000000000001,1.91,2.232639218051859e-07,5.624585271907594e-07,8.964888708497929e-08,2.234758204119487e-07,5.629923536026127e-07,8.973397236932595e-08,2.2477678349217994e-07,5.662698100412528e-07,9.025635812398964e-08,5.338264118533866e-10,5.338264118533866e-10,3.2774564386400318e-09,3.2774564386400318e-09,3.811282850493418e-09,3.811282850493418e-09,0.006776113555481418,1.5835144599575646,1.0,0.4596467185984162,1.0009490947084039,1.0,0.0,0.0,input_tied,0.14987502897782234,2.307640676834159e-28,0.09808481357269962,0.5280146183561462,1.1763496268072915e-27,0.0001778103995162375,0.00017784013458561253,2.9735069375020403e-08,2.9735069375020403e-08,12.246888515611825,12.246887995314209
14.4,1.91,1.1132089718854054e-07,2.7939621165334673e-07,4.078353493040418e-08,1.1143693136083301e-07,2.7968743737088603e-07,4.082604522126894e-08,1.1206537437382088e-07,2.812647207157323e-07,4.1056281665811334e-08,2.912257175392994e-10,2.912257175392994e-10,1.5772833448462595e-09,1.5772833448462595e-09,1.868509062385559e-09,1.868509062385559e-09,0.006687667851072586,1.5609164733916419,1.0,0.4452731317042589,1.0010423395357293,1.0,0.0,0.0,input_tied,0.1645996619082005,3.666677510259435e-28,0.10740742647090296,0.5324793388731935,1.7069012966495154e-27,4.387620741174047e-05,4.387583500885684e-05,-3.724028836295094e-10,3.724028836295094e-10,12.249232178402302,12.24923218491915
15.200000000000001,1.91,4.9699298783675594e-08,1.468305233974076e-07,1.1754109575495389e-08,4.9755498596926324e-08,1.469965588988411e-07,1.1767401086225685e-08,5.002756410951533e-08,1.478003433100801e-07,1.1831745813916991e-08,1.6603550143349675e-10,1.6603550143349675e-10,8.037844112389915e-10,8.037844112389915e-10,9.698199126724883e-10,9.698199126724883e-10,0.006605029323825261,1.5399344597018174,1.0,0.4317398568847099,1.0011307969051102,1.0,0.0,0.0,input_tied,0.17856828978263867,5.806974503844365e-28,0.11619019864791928,0.5368619028162445,2.4989089318285435e-27,1.2117794898523485e-05,1.2115702658397179e-05,-2.0922401263063372e-09,2.0922401263063372e-09,12.249787939507028,12.249787976120915
16.0,1.91,2.0161477666986808e-08,5.5976306055213045e-08,5.229177569071968e-09,2.0185994703343606e-08,5.604437512997745e-08,5.235536425237904e-09,2.029306258172705e-08,5.634163827844635e-08,5.2633060638159135e-09,6.806907476440518e-11,6.806907476440518e-11,2.9726314846890155e-10,2.9726314846890155e-10,3.653322232333067e-10,3.653322232333067e-10,0.006526551124558951,1.520124718640573,1.0,0.4187923832293445,1.0012160337035685,1.0,0.0,0.0,input_tied,0.1920283454818091,1.0132776529910942e-27,0.12459912372608362,0.5411693095367239,4.0661507990163114e-27,1.7611625700198853e-06,1.7605839464025667e-06,-5.786236173185685e-10,5.786236173185685e-10,12.249969179674409,12.249969189800309
16.8,1.91,9.280470634419696e-09,2.5161429443196977e-08,2.246447868739097e-09,9.292532342716322e-09,2.519413142935966e-08,2.2493675481350763e-09,9.34035726800553e-09,2.5323795487433133e-08,2.2609441379138407e-09,3.270198616268316e-11,3.270198616268316e-11,1.2966405807347282e-10,1.2966405807347282e-10,1.6236604423615598e-10,1.6236604423615598e-10,0.006452973770933976,1.5013415333766713,1.0,0.40635906399495303,1.0012996871356816,1.0,0.0,0.0,input_tied,0.20523836598978418,1.6356416624315244e-27,0.13268580337603814,0.5467997386889124,6.163589550707377e-27,3.5584559683205615e-07,3.556766792246354e-07,-1.6891760742074308e-10,1.6891760742074308e-10,12.249993772702846,12.2499937756589
17.6,1.91,3.2578028990600144e-09,7.509294303181091e-09,8.648403530729403e-10,3.2611767451084438e-09,7.517071079031646e-09,8.657359990951657e-10,3.2795388679811517e-09,7.559396102660953e-09,8.706105434799667e-10,7.776775850555448e-12,7.776775850555448e-12,4.2325023629306577e-11,4.2325023629306577e-11,5.0101799479862025e-11,5.0101799479862025e-11,0.006671971753542523,1.559816346703205,1.0,0.44456808785883606,1.0010356200644928,1.0,0.0,0.0,input_tied,0.16353856554198146,2.227804646557334e-27,0.10702376707827714,0.5280583930704796,1.04079902407468e-26,5.6207073804593766e-08,5.546228976920903e-08,-7.447840353847369e-10,7.447840353847369e-10,12.249999016376224,12.249999029409944
18.4,1.91,1.7949803590232282e-09,1.9969300124387082e-09,3.8732741948561017e-10,1.7966016795096533e-09,1.9987337444532946e-09,3.876772739433536e-10,1.8071485938700737e-09,2.010467271073277e-09,3.899531256551686e-10,1.8037320145863918e-12,1.8037320145863918e-12,1.1733526619982158e-11,1.1733526619982158e-11,1.353725863456855e-11,1.353725863456855e-11,0.006779035093992333,1.5896510516836373,1.0,0.463514527796402,1.0009032524942543,1.0,0.0,0.0,input_tied,0.14263591668139713,3.1770480497800524e-27,0.09421603304878111,0.5139240325215798,1.686044268142297e-26,5.6207073804593766e-08,5.546228976920903e-08,-7.447840353847369e-10,7.447840353847369e-10,12.249999016376224,12.249999029409944
19.200000000000003,1.91,0.0,0.0,0.0,1e-30,1e-30,1e-30,1.0057161736535278e-30,1.0057161736535278e-30,1.0057161736535278e-30,1e-30,1e-30,5.716173653527695e-33,5.716173653527695e-33,1.0057161736535278e-30,1.0057161736535278e-30,1.0057161736535276,1.5704009692603986,1.0,0.4513309811859851,1.0006470199295994,1.0,0.0,0.0,input_tied,0.10217329191624851,0.0,0.10217329191624851,0.0,0.0,5.6207073804593766e-08,5.546228976920903e-08,-7.447840353847369e-10,7.447840353847369e-10,12.249999016376224,12.249999029409944
20.0,1.91,0.0,0.0,0.0,1e-30,1e-30,1e-30,1.0055641423643005e-30,1.0055641423643005e-30,1.0055641423643005e-30,1e-30,1e-30,5.564142364300414e-33,5.564142364300414e-33,1.0055641423643005e-30,1.0055641423643005e-30,1.0055641423643005,1.5516627094173834,1.0,0.43932707173589636,1.000696715514015,1.0,0.0,0.0,input_tied,0.11002090405486509,0.0,0.11002090405486509,0.0,0.0,5.6207073804593766e-08,5.546228976920903e-08,-7.447840353847369e-10,7.447840353847369e-10,12.249999016376224,12.249999029409944
4.0,2.1,0.00017867004889645144,0.0015131477053595807,0.0003274553896409661,0.00017882164853003576,0.0015144315950719768,0.0003277332320515514,0.00017938235996957928,0.0015191802322014481,0.0003287608692187538,1.2838897123961315e-06,1.2838897123961315e-06,4.748637129471309e-06,4.748637129471309e-06,6.03252684186744e-06,6.03252684186744e-06,0.003986740237255216,1.280917082806759,1.0,0.24757629233153006,1.0008484893496177,1.0,0.0,0.0,input_tied,0.13398806750824072,4.440530636555083e-30,0.07718149434815945,0.7360128699223083,2.876680915585937e-29,2.7852099722037846,2.785177445273893,-3.252692989175188e-05,3.252692989175188e-05,11.992541669330063,11.99197846809693
4.8,2.1,0.00019696436268688123,0.0015691859001470418,0.0001514259355000746,0.00019711946465332365,0.001570421574537609,0.00015154517768199043,0.00019788763043306797,0.0015765414375123465,0.00015213574249397038,1.235674390567083e-06,1.235674390567083e-06,6.119862974737636e-06,6.119862974737636e-06,7.355537365304719e-06,7.355537365304719e-06,0.004687486272095271,1.3602809677586774,1.0,0.30769127235057525,1.0007874620785537,1.0,0.0,0.0,input_tied,0.12435102713895027,4.2578883642003505e-30,0.07111786048012514,0.7485203618253095,2.993543629866562e-29,13.862567092007044,13.862012519850627,-0.000554572156417521,0.000554572156417521,970.7223657673555,970.6359752807109
5.6,2.1,0.00015721856490857018,0.0013021408786046036,5.951256017945483e-05,0.00015741073602388726,0.0013037325091164768,5.9585303465667315e-05,0.00015812457111755122,0.0013096447489119676,5.9855514264211296e-05,1.5916305118731863e-06,1.5916305118731863e-06,5.912239795490817e-06,5.912239795490817e-06,7.503870307364003e-06,7.503870307364003e-06,0.0057627177140811975,1.4305484675437201,1.0,0.35805791447458585,1.0012223182130484,1.0,0.0,0.0,input_tied,0.1930207554405313,7.35643521288458e-30,0.1092096338293002,0.7674334092377953,3.3680340071385254e-29,58.00839327626287,58.001866775512724,-0.006526500750148045,0.006526500750148045,20028.18868325027,20023.57076545557
6.4,2.1,0.00010403591235969695,0.0006722716786411398,2.7226001652426842e-05,0.00010418469005145427,0.0006732330680913159,2.7264936493192447e-05,0.00010469981167859368,0.0006765617425185084,2.739974284951303e-05,9.613894501760535e-07,9.613894501760535e-07,3.3286744271925116e-06,3.3286744271925116e-06,4.290063877368565e-06,4.290063877368565e-06,0.006381443713410708,1.4775528482269376,1.0,0.3903872383399466,1.0014300609124562,1.0,0.0,0.0,input_tied,0.22582616760645602,1.1823810292763552e-29,0.1316552460415761,0.7152842320855273,4.49044403784322e-29,59.89526182231915,59.88654753571132,-0.008714286607826693,0.008714286607826693,21385.597847885427,21379.22651654387
7.2,2.1,7.600615795903163e-05,0.00012096539000020388,1.7567932971004495e-05,7.611654991610973e-05,0.00012114108110865375,1.759344877859908e-05,7.65023647155602e-05,0.00012175511343098915,1.768262534952404e-05,1.7569110844987805e-07,1.7569110844987805e-07,6.140323223353917e-07,6.140323223353917e-07,7.897234307852697e-07,7.897234307852697e-07,0.00652850729273835,1.4921401916441892,1.0,0.40021145959540433,1.0014524080685359,1.0,0.0,0.0,input_tied,0.22935508904637056,2.335743222952219e-29,0.14069871838435052,0.6301149838467967,8.300513500668875e-29,3.532803030333397,3.5323102615281163,-0.0004927688052807078,0.0004927688052807078,28.43030478874576,28.417169071363144
8.0,2.1,6.313932271671021e-05,8.591082183901177e-05,1.3492969246333974e-05,6.323695955614472e-05,8.604367187218709e-05,1.3513834387344593e-05,6.354324173128836e-05,8.646041618063159e-05,1.3579287353770214e-05,1.3285003317532263e-07,1.3285003317532263e-07,4.1674430844449914e-07,4.1674430844449914e-07,5.495943416198218e-07,5.495943416198218e-07,0.006397265558112181,1.4658274448318904,1.0,0.38241989178356733,1.001546371345676,1.0,0.0,0.0,input_tied,0.24419317502404467,2.9599480911992446e-29,0.1520636193182569,0.6058619156825935,9.73259779186339e-29,2.3263362796325815,2.3255724751993596,-0.0007638044332218819,0.0007638044332218819,5.363118143522076,5.354277542791683
8.8,2.1,2.2146858152989757e-05,5.8482307325780445e-05,7.04775018007721e-06,2.2172601109639932e-05,5.855028570410796e-05,7.055942309457987e-06,2.229535371937202e-05,5.887443352669309e-05,7.095005625860159e-06,6.797837832751646e-08,6.797837832751646e-08,3.2414782258513125e-07,3.2414782258513125e-07,3.921262009126477e-07,3.921262009126477e-07,0.006705039846124347,1.5482467554553723,1.0,0.43712316521321565,1.001162375108575,1.0,0.0,0.0,input_tied,0.18355491979692828,2.8754741720280756e-29,0.11517223325097901,0.5937428199115691,1.2483365525099918e-28,1.5836853935035984,1.5837193478536764,3.395435007802483e-05,3.395435007802483e-05,0.21087702366607386,0.21095499234862616
9.600000000000001,2.1,1.0975147144544976e-05,4.3579838283542114e-05,3.956029593335701e-06,1.0987782954585375e-05,4.3630012240290915e-05,3.960584214590181e-06,1.1048592171609223e-05,4.387147195004663e-05,3.982503106330369e-06,5.017395674880077e-08,5.017395674880077e-08,2.414597097557156e-07,2.414597097557156e-07,2.9163366650451636e-07,2.9163366650451636e-07,0.006691940080343335,1.5480056645464257,1.0,0.4369674344285572,1.0011513112192467,1.0,0.0,0.0,input_tied,0.18180778042400952,3.492889648499927e-29,0.11485685465158924,0.5829075328199743,1.5205403539455173e-28,0.9999999982884127,0.999999998287885,-5.276890036043369e-13,5.276890036043369e-13,1.0000000085579361,1.0000000085605745
10.4,2.1,7.422066645988048e-06,2.9967976016569573e-05,2.109988155945185e-06,7.431357040208425e-06,3.000548771303638e-05,2.11262928310074e-06,7.470948982360825e-06,3.0165347551200713e-05,2.123884710058889e-06,3.751169646680762e-08,3.751169646680762e-08,1.5985983816433217e-07,1.5985983816433217e-07,1.973715346311398e-07,1.973715346311398e-07,0.006586081573277129,1.5229622419775668,1.0,0.42065728173279693,1.0012517260573777,1.0,0.0,0.0,input_tied,0.19766465607763808,4.717225149381796e-29,0.12533762689732517,0.5770575921272406,1.8818072697539107e-28,0.495254620163338,0.49515243469412656,-0.00010218546921142435,0.00010218546921142435,5.116026264598659,5.117181977749793
11.2,2.1,4.558508211110759e-06,1.6473387288594874e-05,7.956066236967553e-07,4.564660534925463e-06,1.6495620354376667e-05,7.966804025189971e-07,4.588078934318737e-06,1.65802489971296e-05,8.007676680915922e-07,2.2233065781793155e-08,2.2233065781793155e-08,8.462864275293302e-08,8.462864275293302e-08,1.0686170853472618e-07,1.0686170853472618e-07,0.006486929898668165,1.499419168235305,1.0,0.40507781194222237,1.0013496353477458,1.0,0.0,0.0,input_tied,0.21312587148762535,6.981484472784652e-29,0.1353663151635882,0.5744380071959989,2.5787377252411833e-28,0.15211174094462554,0.15204996298069381,-6.177796393172508e-05,6.177796393172508e-05,9.732656919301581,9.733620593103048
12.0,2.1,2.510495772666222e-06,8.248755203639351e-06,4.859947408958648e-07,2.514113835477038e-06,8.260643100349934e-06,4.866951441856979e-07,2.5265533595411e-06,8.301515739918354e-06,4.891032515166101e-07,1.188789671058269e-08,1.188789671058269e-08,4.087263956842037e-08,4.087263956842037e-08,5.276053627900306e-08,5.276053627900306e-08,0.006396181602737478,1.4779687035454037,1.0,0.3906686474340275,1.00144117462782,1.0,0.0,0.0,input_tied,0.2275811751915461,1.0575838684748326e-28,0.14464355018632655,0.5733931785992615,3.655827954694409e-28,0.038205314307823125,0.0381828916738808,-2.2422633942323356e-05,2.2422633942323356e-05,11.59052978737159,11.590911478310703
12.8,2.1,6.987848556003396e-07,2.0494060116657032e-06,2.0546690291538923e-07,6.994679234885588e-07,2.051409322735302e-06,2.0566774848659552e-07,7.035096558743559e-07,2.063262972084758e-06,2.068561575213178e-07,2.003311069598988e-09,2.003311069598988e-09,1.1853649349455875e-08,1.1853649349455875e-08,1.3856960419054863e-08,1.3856960419054863e-08,0.006761452020818603,1.5781226258875372,1.0,0.4562359290923607,1.0009775081453824,1.0,0.0,0.0,input_tied,0.15436189910027517,1.3010581632398132e-28,0.10063809092004923,0.5338317498779482,6.464044336221679e-28,0.002360305234048747,0.002360631143505278,3.2590945653115586e-07,3.2590945653115586e-07,12.208729477409127,12.208723783609877
13.600000000000001,2.1,2.2326099502214796e-07,5.624660370309668e-07,8.964903371074366e-08,2.234728913451644e-07,5.62999871815035e-07,8.973411933263386e-08,2.2477383737385182e-07,5.662773720209012e-07,9.025650594284352e-08,5.338347840681741e-10,5.338347840681741e-10,3.27750020586622e-09,3.27750020586622e-09,3.811334989934394e-09,3.811334989934394e-09,0.006776115781235267,1.5835144599575646,1.0,0.4596467185984162,1.0009490969212755,1.0,0.0,0.0,input_tied,0.14987537842048806,2.307638928743679e-28,0.09808481357269962,0.5280181810143497,1.1763487356956012e-27,0.00017781514770952173,0.0001778448843592516,2.9736649729872376e-08,2.9736649729872376e-08,12.246888432529,12.24688791220373
14.4,2.1,1.113204398240118e-07,2.79399669298023e-07,4.078264730589272e-08,1.1143647401497163e-07,2.7969089986298207e-07,4.082515685304166e-08,1.1206491444878034e-07,2.8126820273437965e-07,4.105538828767577e-08,2.912305649590905e-10,2.912305649590905e-10,1.5773028713975838e-09,1.5773028713975838e-09,1.8685334363566743e-09,1.8685334363566743e-09,0.00668767232635338,1.5609164733916419,1.0,0.4452731317042589,1.0010423439859137,1.0,0.0,0.0,input_tied,0.16460036465316102,3.6666780209819734e-28,0.10740742647090296,0.5324858816699405,1.7069015343996204e-27,4.387729340484206e-05,4.38769213828522e-05,-3.7202198986056433e-10,3.7202198986056433e-10,12.249232159398018,12.2492321659082
15.200000000000001,2.1,4.970030974615742e-08,1.4683687333572945e-07,1.1752941512646323e-08,4.975651159014027e-08,1.4700291863983908e-07,1.1766231912416605e-08,5.002858264182597e-08,1.4780673782645454e-07,1.183057024700804e-08,1.660453041096376e-10,1.660453041096376e-10,8.038191866154571e-10,8.038191866154571e-10,9.698644907250947e-10,9.698644907250947e-10,0.00660504727928649,1.5399344597018174,1.0,0.4317398568847099,1.0011308147629239,1.0,0.0,0.0,input_tied,0.17857110977550997,5.806972180618471e-28,0.11619019864791928,0.5368861733046687,2.4989079320773075e-27,1.211884303234542e-05,1.2116751043517959e-05,-2.0919888274602386e-09,2.0919888274602386e-09,12.249787921164845,12.249787957774332
16.0,2.1,2.0159870295921887e-08,5.599406321818235e-08,5.226702916547713e-09,2.0184387568039444e-08,5.606215997003325e-08,5.233059331336183e-09,2.0291446922068757e-08,5.635951745049421e-08,5.2608158312409424e-09,6.809675185090389e-11,6.809675185090389e-11,2.973574804609607e-10,2.973574804609607e-10,3.654542323118646e-10,3.654542323118646e-10,0.00652666035125657,1.520124718640573,1.0,0.4187923832293445,1.0012161423539772,1.0,0.0,0.0,input_tied,0.19204550286663236,1.013266067419104e-27,0.12459912372608362,0.5413070102228134,4.066104307630001e-27,1.762280121831144e-06,1.7617015134003644e-06,-5.786084307795186e-10,5.786084307795186e-10,12.249969160117274,12.24996917024291
16.8,2.1,9.294449758160438e-09,2.5099727876293256e-08,2.2409390659192237e-09,9.306528705802393e-09,2.513234716056868e-08,2.243851361574196e-09,9.354425664741225e-09,2.5261693239868444e-08,2.2553995617600675e-09,3.261928427542272e-11,3.261928427542272e-11,1.2934607929976564e-10,1.2934607929976564e-10,1.6196536357518837e-10,1.6196536357518837e-10,0.006452873289043304,1.5013415333766713,1.0,0.40635906399495303,1.0012995871682828,1.0,0.0,0.0,input_tied,0.2052225797709505,1.6359495871091853e-27,0.13268580337603814,0.5466807642513158,6.1647499034724284e-27,3.541025074655474e-07,3.539343466194442e-07,-1.6816084610319952e-10,1.6816084610319952e-10,12.2499938032069,12.249993806149712
17.6,2.1,3.484410888318046e-09,7.139226485334225e-09,8.222198924376402e-10,3.4880129737954025e-09,7.146606815859708e-09,8.230698801195386e-10,3.507652302728585e-09,7.186845932820351e-09,8.277041920421441e-10,7.380330525483494e-12,7.380330525483494e-12,4.023911696064278e-11,4.023911696064278e-11,4.7619447486126275e-11,4.7619447486126275e-11,0.006670113013496442,1.559816346703205,1.0,0.44456808785883606,1.0010337717315236,1.0,0.0,0.0,input_tied,0.16324668849867235,2.2372456970863042e-27,0.10702376707827714,0.5253311760113416,1.0452097502090277e-26,5.6207073804593766e-08,5.546228976920903e-08,-7.447840353847369e-10,7.447840353847369e-10,12.249999016376224,12.249999029409944
18.4,2.1,1.7949803590232282e-09,1.9969300124387082e-09,3.8732741948561017e-10,1.7966016795096533e-09,1.9987337444532946e-09,3.876772739433536e-10,1.8071485938700737e-09,2.010467271073277e-09,3.899531256551686e-10,1.8037320145863918e-12,1.8037320145863918e-12,1.1733526619982158e-11,1.1733526619982158e-11,1.353725863456855e-11,1.353725863456855e-11,0.006779035093992333,1.5896510516836373,1.0,0.463514527796402,1.0009032524942543,1.0,0.0,0.0,input_tied,0.14263591668139713,3.1770480497800524e-27,0.09421603304878111,0.5139240325215798,1.686044268142297e-26,5.6207073804593766e-08,5.546228976920903e-08,-7.447840353847369e-10,7.447840353847369e-10,12.249999016376224,12.249999029409944
19.200000000000003,2.1,0.0,0.0,0.0,1e-30,1e-30,1e-30,1.0057161736535278e-30,1.0057161736535278e-30,1.0057161736535278e-30,1e-30,1e-30,5.716173653527695e-33,5.716173653527695e-33,1.0057161736535278e-30,1.0057161736535278e-30,1.0057161736535276,1.5704009692603986,1.0,0.4513309811859851,1.0006470199295994,1.0,0.0,0.0,input_tied,0.10217329191624851,0.0,0.10217329191624851,0.0,0.0,5.6207073804593766e-08,5.546228976920903e-08,-7.447840353847369e-10,7.447840353847369e-10,12.249999016376224,12.249999029409944
20.0,2.1,0.0,0.0,0.0,1e-30,1e-30,1e-30,1.0055641423643005e-30,1.0055641423643005e-30,1.0055641423643005e-30,1e-30,1e-30,5.564142364300414e-33,5.564142364300414e-33,1.0055641423643005e-30,1.0055641423643005e-30,1.0055641423643005,1.5516627094173834,1.0,0.43932707173589636,1.000696715514015,1.0,0.0,0.0,input_tied,0.11002090405486509,0.0,0.11002090405486509,0.0,0.0,5.6207073804593766e-08,5.546228976920903e-08,-7.447840353847369e-10,7.447840353847369e-10,12.249999016376224,12.249999029409944
4.0,2.29,0.00018027394449992678,0.0015165215975457566,0.000325909424527153,0.00018042696657904,0.0015178088678083578,0.0003261860664893738,0.00018099271163840295,0.0015225680946817069,0.00032720885237913467,1.2872702626011336e-06,1.2872702626011336e-06,4.759226873349114e-06,4.759226873349114e-06,6.046497135950247e-06,6.046497135950247e-06,0.003987082772665762,1.280917082806759,1.0,0.24757629233153006,1.0008488308143348,1.0,0.0,0.0,input_tied,0.1340419894550416,4.440344100926126e-30,0.07718149434815945,0.7367115082067348,2.8765600733876015e-29,2.8241663412123734,2.8241330508962026,-3.329031617083089e-05,3.329031617083089e-05,12.676561046513992,12.675968416593287
4.8,2.29,0.00019709953982198963,0.0015692707255705526,0.00015136618352501425,0.0001972547458081287,0.0015705064474332284,0.0001514853767905253,0.00019802343877251176,0.0015766266411538624,0.000152075708561093,1.2357218626757923e-06,1.2357218626757923e-06,6.120193720634019e-06,6.120193720634019e-06,7.355915583309811e-06,7.355915583309811e-06,0.004687473909662949,1.3602809677586774,1.0,0.30769127235057525,1.0007874497641103,1.0,0.0,0.0,input_tied,0.12434908252000293,4.2578343864264506e-30,0.07111786048012514,0.7484930182166264,2.9935056803461914e-29,13.874866006142947,13.874310506153323,-0.0005554999896233426,0.0005554999896233426,972.6392616951304,972.5526412745448
5.6,2.29,0.0001572263181977874,0.001302136037711578,5.9510664731866635e-05,0.00015741849795285442,0.001303727655372411,5.958340538434225e-05,0.00015813236824575213,0.001309639873156869,5.985360757535987e-05,1.5916176608330758e-06,1.5916176608330758e-06,5.912217784458064e-06,5.912217784458064e-06,7.503835445291139e-06,7.503835445291139e-06,0.0057627123648913495,1.4305484675437201,1.0,0.35805791447458585,1.001222312888007,1.0,0.0,0.0,input_tied,0.1930199145437138,7.356431561442213e-30,0.1092096338293002,0.767425709396783,3.368032335380165e-29,58.0113906101614,58.00486334882524,-0.006527261336159995,0.006527261336159995,20030.30966760169,20025.690967119863
6.4,2.29,0.00010403630242541177,0.0006722711687264393,2.722592837681373e-05,0.00010418508059949326,0.0006732325569595751,2.7264863093034348e-05,0.00010470020415762407,0.0006765612288595727,2.7399669086441637e-05,9.613882331358046e-07,9.613882331358046e-07,3.328671899997587e-06,3.328671899997587e-06,4.2900601331333915e-06,4.2900601331333915e-06,0.00638144298417638,1.4775528482269376,1.0,0.3903872383399466,1.0014300601868098,1.0,0.0,0.0,input_tied,0.22582605301696376,1.182381029297149e-29,0.1316552460415761,0.7152833617100905,4.4904440379221904e-29,59.89541429645133,59.8866999317884,-0.008714364662928631,0.008714364662928631,21385.709335709264,21379.337930694102
7.2,2.29,7.600618152035305e-05,0.0001209653785345788,1.7567928710557628e-05,7.611657350689321e-05,0.0001211410696188025,1.759344451086441e-05,7.650238842591915e-05,0.00012175510188289886,1.768262106015734e-05,1.7569108422370576e-07,1.7569108422370576e-07,6.140322640963607e-07,6.140322640963607e-07,7.897233483200665e-07,7.897233483200665e-07,0.00652850722981302,1.4921401916441892,1.0,0.40021145959540433,1.0014524080059277,1.0,0.0,0.0,input_tied,0.22935507915969486,2.3357431782792798e-29,0.14069871838435052,0.6301149135783836,8.300513341914979e-29,3.5328033372915923,3.532310568117539,-0.0004927691740532758,0.0004927691740532758,28.430312972263458,28.417177243160893
8.0,2.29,6.313932448353328e-05,8.59108209023412e-05,1.349296893076647e-05,6.32369613253573e-05,8.604367093360185e-05,1.351383407121588e-05,6.354324350906995e-05,8.646041523750041e-05,1.3579287036110361e-05,1.328500312606487e-07,1.328500312606487e-07,4.167443038985614e-07,4.167443038985614e-07,5.495943351592101e-07,5.495943351592101e-07,0.006397265552659069,1.4658274448318904,1.0,0.38241989178356733,1.001546371340249,1.0,0.0,0.0,input_tied,0.24419317416706204,2.9599480868557054e-29,0.1520636193182569,0.6058619100469087,9.73259777758141e-29,2.326336276670088,2.3255724722080258,-0.0007638044620623674,0.0007638044620623674,5.363118109218763,5.354277508182979
8.8,2.29,2.2146858212243307e-05,5.8482307259025914e-05,7.047750161940811e-06,2.2172601168953984e-05,5.8550285637253725e-05,7.055942291297841e-06,2.2295353779014445e-05,5.8874433459468736e-05,7.095005607599474e-06,6.797837822781051e-08,6.797837822781051e-08,3.2414782221501173e-07,3.2414782221501173e-07,3.9212620044282224e-07,3.9212620044282224e-07,0.0067050398457441695,1.5482467554553723,1.0,0.43712316521321565,1.0011623751081968,1.0,0.0,0.0,input_tied,0.1835549197372161,2.8754741721196885e-29,0.11517223325097901,0.5937428193931094,1.248336552549764e-28,1.5836853913226883,1.583719345671765,3.395434907682571e-05,3.395434907682571e-05,0.2108770186585572,0.21095498733788465
9.600000000000001,2.29,1.0975147148612469e-05,4.357983826979479e-05,3.956029592150136e-06,1.0987782958656556e-05,4.363001222652381e-05,3.960584213402892e-06,1.1048592175702935e-05,4.3871471936203333e-05,3.98250310513651e-06,5.017395672902086e-08,5.017395672902086e-08,2.414597096795233e-07,2.414597096795233e-07,2.9163366640854414e-07,2.9163366640854414e-07,0.006691940080252101,1.5480056645464257,1.0,0.4369674344285572,1.0011513112191561,1.0,0.0,0.0,input_tied,0.18180778040970405,3.4928896485697957e-29,0.11485685465158924,0.5829075326954241,1.5205403539759331e-28,0.9999999976954087,0.9999999976947113,-6.974421040695233e-13,6.974421040695233e-13,1.000000011522956,1.000000011526443
10.4,2.29,7.422066674332488e-06,2.9967976025562966e-05,2.109988126980817e-06,7.431357068598185e-06,3.0005487722080765e-05,2.112629254102914e-06,7.4709490109018364e-06,3.016534756029328e-05,2.1238846809065713e-06,3.7511696517799004e-08,3.7511696517799004e-08,1.598598382125148e-07,1.598598382125148e-07,1.973715347303138e-07,1.973715347303138e-07,0.006586081574609977,1.5229622419775668,1.0,0.42065728173279693,1.0012517260587035,1.0,0.0,0.0,input_tied,0.1976646562870105,4.717225150319468e-29,0.12533762689732517,0.5770575937977077,1.8818072701279693e-28,0.4952546207157742,0.4951524352476826,-0.0001021854680915979,0.0001021854680915979,5.116026258350984,5.117181971488744
11.2,2.29,4.5585081660190835e-06,1.6473387671554577e-05,7.956065792357084e-07,4.56466048983642e-06,1.6495620738082663e-05,7.966803580090251e-07,4.588078888998371e-06,1.6580249382804152e-05,8.007676233532676e-07,2.223306652808678e-08,2.223306652808678e-08,8.462864472148841e-08,8.462864472148841e-08,1.0686171124957519e-07,1.0686171124957519e-07,0.006486929912667487,1.499419168235305,1.0,0.40507781194222237,1.0013496353616735,1.0,0.0,0.0,input_tied,0.21312587368703384,6.981484463344824e-29,0.1353663151635882,0.574438023443826,2.578737721754412e-28,0.1521117480628422,0.15204997010021898,-6.177796262321622e-05,6.177796262321622e-05,9.732656808267343,9.733620482042902
12.0,2.29,2.510495990417262e-06,8.24875376551266e-06,4.859948941395019e-07,2.5141140533117575e-06,8.260641659394486e-06,4.866952976056345e-07,2.5265535784536387e-06,8.301514291833237e-06,4.891034056956496e-07,1.1887893881826377e-08,1.1887893881826377e-08,4.087263243875093e-08,4.087263243875093e-08,5.276052632057731e-08,5.276052632057731e-08,0.006396181510613712,1.4779687035454037,1.0,0.3906686474340275,1.0014411745361498,1.0,0.0,0.0,input_tied,0.22758116071555515,1.0575838778767834e-28,0.14464355018632655,0.5733930785188157,3.6558279871948243e-28,0.0382053009617196,0.0381828783286411,-2.2422633078500454e-05,2.2422633078500454e-05,11.590530014554753,11.590911705482903
12.8,2.29,6.987843054667026e-07,2.049407164373645e-06,2.0546712359160915e-07,6.994673728225405e-07,2.0514104765858e-06,2.056679693801098e-07,7.035091020264266e-07,2.063264132602545e-06,2.068563796912201e-07,2.003312212155378e-09,2.003312212155378e-09,1.1853656016744853e-08,1.1853656016744853e-08,1.3856968228900231e-08,1.3856968228900231e-08,0.006761452028560318,1.5781226258875372,1.0,0.4562359290923607,1.0009775081530798,1.0,0.0,0.0,input_tied,0.1543619003157974,1.301058085772665e-28,0.10063809092004923,0.533831761956101,6.464043951341822e-28,0.0023603078882808537,0.0023606337981400523,3.2590985919863855e-07,3.2590985919863855e-07,12.20872943103838,12.208723737232102
13.600000000000001,2.29,2.232615842182344e-07,5.624665966500286e-07,8.964824685951624e-08,2.234734813242083e-07,5.630004325289348e-07,8.973333182445404e-08,2.24774430787455e-07,5.662779359989935e-07,9.02557138501898e-08,5.338358789062217e-10,5.338358789062217e-10,3.277503470058666e-09,3.277503470058666e-09,3.811339348964888e-09,3.811339348964888e-09,0.006776116789271905,1.5835144599575646,1.0,0.4596467185984162,1.0009490979234779,1.0,0.0,0.0,input_tied,0.1498755366819465,2.3076397128598914e-28,0.09808481357269962,0.5280197945307815,1.1763491354089637e-27,0.00017781550164771938,0.0001778452387127811,2.973706506173091e-08,2.973706506173091e-08,12.246888426335868,12.24688790600333
14.4,2.29,1.1131786841462659e-07,2.7939705681149466e-07,4.0786100514704094e-08,1.1143389876870384e-07,2.796882817504167e-07,4.082861323751806e-08,1.1206232467953975e-07,2.812655698570992e-07,4.105886416425993e-08,2.912249389220503e-10,2.912249389220503e-10,1.5772881066824769e-09,1.5772881066824769e-09,1.868513045604527e-09,1.868513045604527e-09,0.006687661877788452,1.5609164733916419,1.0,0.4452731317042589,1.0010423335959424,1.0,0.0,0.0,input_tied,0.1645987239346506,3.666667335648863e-28,0.10740742647090296,0.5324706060175548,1.7068965601937106e-27,4.3876472818902545e-05,4.3876099893083664e-05,-3.729258188809258e-10,3.729258188809258e-10,12.249232173757822,12.249232180283819
15.200000000000001,2.29,4.967571039074503e-08,1.468720582307213e-07,1.1762280000545826e-08,4.973188209529337e-08,1.4703813645680906e-07,1.1775580410581405e-08,5.0003818471690325e-08,1.478421482161792e-07,1.1839969863220429e-08,1.660782260877526e-10,1.660782260877526e-10,8.040117593701445e-10,8.040117593701445e-10,9.700899854578971e-10,9.700899854578971e-10,0.006605000278092262,1.5399344597018174,1.0,0.4317398568847099,1.001130768017337,1.0,0.0,0.0,input_tied,0.17856372800829615,5.80674951941985e-28,0.11619019864791928,0.5368226415498417,2.498812114529351e-27,1.2124651525205085e-05,1.2122557401629834e-05,-2.0941235752509e-09,2.0941235752509e-09,12.249787819517099,12.249787856163946
16.0,2.29,2.011529603474338e-08,5.610123846147463e-08,5.233258414591782e-09,2.0139762783544907e-08,5.616947583200702e-08,5.2396237605863e-09,2.024658544470526e-08,5.64674025230433e-08,5.2674150786668764e-09,6.82373705323894e-11,6.82373705323894e-11,2.979266910362823e-10,2.979266910362823e-10,3.661640615686717e-10,3.661640615686717e-10,0.006526844533389772,1.520124718640573,1.0,0.4187923832293445,1.00121632556435,1.0,0.0,0.0,input_tied,0.19207443428907117,1.0130697708128265e-27,0.12459912372608362,0.5415392062573733,4.065316595002466e-27,1.7690327504325792e-06,1.7684525721255227e-06,-5.801783070565701e-10,5.801783070565701e-10,12.249969041946422,12.249969052099532
16.8,2.29,9.393468799889236e-09,2.4786835692657357e-08,2.2555613727029972e-09,9.405649100925478e-09,2.481897622848114e-08,2.2584861087201716e-09,9.45405619265875e-09,2.494670951367246e-08,2.2701096280615832e-09,3.214053582378282e-11,3.214053582378282e-11,1.277332851913186e-10,1.277332851913186e-10,1.598738210151014e-10,1.598738210151014e-10,0.006449948795297864,1.5013415333766713,1.0,0.40635906399495303,1.0012966776486643,1.0,0.0,0.0,input_tied,0.20476312684881215,1.6374985478126472e-27,0.13268580337603814,0.5432180507548596,6.170586853108524e-27,3.4532908022367857e-07,3.4516307989845664e-07,-1.660003252219294e-10,1.660003252219294e-10,12.24999395674184,12.249993959646845
17.6,2.29,3.4844108883180457e-09,7.139226485334225e-09,8.222198924376402e-10,3.488012973795402e-09,7.146606815859708e-09,8.230698801195386e-10,3.5076523027285846e-09,7.186845932820351e-09,8.277041920421441e-10,7.380330525483494e-12,7.380330525483494e-12,4.023911696064278e-11,4.023911696064278e-11,4.7619447486126275e-11,4.7619447486126275e-11,0.006670113013496442,1.559816346703205,1.0,0.44456808785883606,1.0010337717315236,1.0,0.0,0.0,input_tied,0.16324668849867235,2.2372456970863042e-27,0.10702376707827714,0.5253311760113416,1.0452097502090277e-26,5.6207073804593766e-08,5.546228976920903e-08,-7.447840353847369e-10,7.447840353847369e-10,12.249999016376224,12.249999029409944
18.4,2.29,1.7949803590232282e-09,1.9969300124387082e-09,3.8732741948561017e-10,1.7966016795096533e-09,1.9987337444532946e-09,3.876772739433536e-10,1.8071485938700737e-09,2.010467271073277e-09,3.899531256551686e-10,1.8037320145863918e-12,1.8037320145863918e-12,1.1733526619982158e-11,1.1733526619982158e-11,1.353725863456855e-11,1.353725863456855e-11,0.006779035093992333,1.5896510516836373,1.0,0.463514527796402,1.0009032524942543,1.0,0.0,0.0,input_tied,0.14263591668139713,3.1770480497800524e-27,0.09421603304878111,0.5139240325215798,1.686044268142297e-26,5.6207073804593766e-08,5.546228976920903e-08,-7.447840353847369e-10,7.447840353847369e-10,12.249999016376224,12.249999029409944
19.200000000000003,2.29,0.0,0.0,0.0,1e-30,1e-30,1e-30,1.0057161736535278e-30,1.0057161736535278e-30,1.0057161736535278e-30,1e-30,1e-30,5.716173653527695e-33,5.716173653527695e-33,1.0057161736535278e-30,1.0057161736535278e-30,1.0057161736535276,1.5704009692603986,1.0,0.4513309811859851,1.0006470199295994,1.0,0.0,0.0,input_tied,0.10217329191624851,0.0,0.10217329191624851,0.0,0.0,5.6207073804593766e-08,5.546228976920903e-08,-7.447840353847369e-10,7.447840353847369e-10,12.249999016376224,12.249999029409944
20.0,2.29,0.0,0.0,0.0,1e-30,1e-30,1e-30,1.0055641423643005e-30,1.0055641423643005e-30,1.0055641423643005e-30,1e-30,1e-30,5.564142364300414e-33,5.564142364300414e-33,1.0055641423643005e-30,1.0055641423643005e-30,1.0055641423643005,1.5516627094173834,1.0,0.43932707173589636,1.000696715514015,1.0,0.0,0.0,input_tied,0.11002090405486509,0.0,0.11002090405486509,0.0,0.0,5.6207073804593766e-08,5.546228976920903e-08,-7.447840353847369e-10,7.447840353847369e-10,12.249999016376224,12.249999029409944
4.0,2.4800000000000004,0.00018188022143403752,0.0015198330466008035,0.0003243748766724725,0.00018203466724464582,0.0015211236313879826,0.0003246503235592953,0.00018260545339473787,0.0015258932520020995,0.0003256682939883098,1.2905847871791127e-06,1.2905847871791127e-06,4.769620614116909e-06,4.769620614116909e-06,6.0602054012960215e-06,6.0602054012960215e-06,0.003987415206459703,1.280917082806759,1.0,0.24757629233153006,1.0008491622090108,1.0,0.0,0.0,input_tied,0.13409432120466977,4.4401540739031634e-30,0.07718149434815945,0.7373895431433497,2.876436969381539e-29,2.863330704368112,2.8632966375019,-3.406686621199029e-05,3.406686621199029e-05,13.383354689665474,13.382731558277298
4.8,2.4800000000000004,0.00019723472712080903,0.0015693552359671088,0.00015130647232297316,0.00019739003712169922,0.0015705910049751994,0.0001514256166982777,0.00019815925731030932,0.0015767115282128107,0.00015201571558642592,1.2357690080905346e-06,1.2357690080905346e-06,6.120523237611308e-06,6.120523237611308e-06,7.356292245701843e-06,7.356292245701843e-06,0.004687461498268464,1.3602809677586774,1.0,0.30769127235057525,1.0007874374008947,1.0,0.0,0.0,input_tied,0.12434713019923918,4.2577804298015266e-30,0.07111786048012514,0.7484655663114287,2.993467745694783e-29,13.88716695832063,13.886610529416322,-0.0005564289043089587,0.0005564289043089587,974.5583665310905,974.4715157083158
5.6,2.4800000000000004,0.00015723407141749095,0.001302131195698094,5.95087694011172e-05,0.00015742625981211234,0.0013037228005063368,5.958150742000834e-05,0.00015814016530392766,0.0013096349962746741,5.9851701004030126e-05,1.591604808242773e-06,1.591604808242773e-06,5.912195768337366e-06,5.912195768337366e-06,7.503800576580139e-06,7.503800576580139e-06,0.005762707015522524,1.4305484675437201,1.0,0.35805791447458585,1.001222307562787,1.0,0.0,0.0,input_tied,0.19301907361867401,7.356427910421891e-30,0.1092096338293002,0.7674180092973474,3.368030663815032e-29,58.01438788134137,58.00785985936712,-0.006528021974247622,0.006528021974247622,20032.43071986858,20027.811236610924
6.4,2.4800000000000004,0.0001040366924901613,0.000672270658810036,2.7225855101631526e-05,0.00010418547114656524,0.0006732320458261314,2.7264789693307936e-05,0.00010470059663568267,0.0006765607151989257,2.7399595323804067e-05,9.613870160953388e-07,9.613870160953388e-07,3.328669372794314e-06,3.328669372794314e-06,4.290056388889653e-06,4.290056388889653e-06,0.006381442254944369,1.4775528482269376,1.0,0.3903872383399466,1.0014300594611656,1.0,0.0,0.0,input_tied,0.22582593842783752,1.1823810293185686e-29,0.1316552460415761,0.7152824913374339,4.490444038003538e-29,59.895566769515405,59.88685232679717,-0.008714442718236626,0.008714442718236626,21385.820823042715,21379.44934435362
7.2,2.4800000000000004,7.600620508195545e-05,0.0001209653670688274,1.7567924450041457e-05,7.611659709795802e-05,0.00012114105812882468,1.759344024306033e-05,7.650241213656088e-05,0.00012175509033468136,1.7682616770720882e-05,1.7569105999727598e-07,1.7569105999727598e-07,6.140322058566792e-07,6.140322058566792e-07,7.897232658539552e-07,7.897232658539552e-07,0.00652850716688699,1.4921401916441892,1.0,0.40021145959540433,1.0014524079433191,1.0,0.0,0.0,input_tied,0.22935506927293817,2.3357431336058912e-29,0.14069871838435052,0.6301148433093944,8.300513183159487e-29,3.53280364425829,3.5323108747154577,-0.0004927695428325052,0.0004927695428325052,28.430321156009022,28.417185415186253
8.0,2.4800000000000004,6.313932625028321e-05,8.59108199667477e-05,1.3492968614758651e-05,6.323696309449722e-05,8.604366999609614e-05,1.3513833754646294e-05,6.354324528677853e-05,8.646041429545398e-05,1.3579286718007502e-05,1.3285002934844132e-07,1.3285002934844132e-07,4.167442993578414e-07,4.167442993578414e-07,5.495943287062827e-07,5.495943287062827e-07,0.0063972655472152,1.4658274448318904,1.0,0.38241989178356733,1.0015463713348314,1.0,0.0,0.0,input_tied,0.2441931733115283,2.959948082516778e-29,0.1520636193182569,0.605861904420752,9.732597763314594e-29,2.326336273832506,2.3255724693415636,-0.0007638044909423769,0.0007638044909423769,5.363118076361823,5.354277475018999
8.8,2.4800000000000004,2.2146858270532902e-05,5.848230718768981e-05,7.047750146085177e-06,2.2172601227301774e-05,5.855028556580946e-05,7.055942275420735e-06,2.2295353837685263e-05,5.887443338762894e-05,7.095005591634469e-06,6.79783781196478e-08,6.79783781196478e-08,3.241478218194812e-07,3.241478218194812e-07,3.92126199939129e-07,3.92126199939129e-07,0.006705039845310162,1.5482467554553723,1.0,0.43712316521321565,1.0011623751077652,1.0,0.0,0.0,input_tied,0.1835549196690565,2.875474172191411e-29,0.11517223325097901,0.5937428188013033,1.2483365525809008e-28,1.5836853887134927,1.5837193430614158,3.395434792308194e-05,3.395434792308194e-05,0.21087701266766848,0.21095498134323892
9.600000000000001,2.4800000000000004,1.0975147142501783e-05,4.3579838309926065e-05,3.9560295877021215e-06,1.0987782952543602e-05,4.363001226672022e-05,3.960584208951475e-06,1.1048592169556151e-05,4.38714719766222e-05,3.982503100660457e-06,5.0173956794154304e-08,5.0173956794154304e-08,2.4145970990198124e-07,2.4145970990198124e-07,2.9163366669613555e-07,2.9163366669613555e-07,0.0066919400806888935,1.5480056645464257,1.0,0.4369674344285572,1.0011513112195904,1.0,0.0,0.0,input_tied,0.1818077804782883,3.4928896484979085e-29,0.11485685465158924,0.5829075332925521,1.520540353944639e-28,0.9999999996784092,0.9999999996785246,1.1535217225855376e-13,1.1535217225855376e-13,1.0000000016079533,1.0000000016073765
10.4,2.4800000000000004,7.422066686678523e-06,2.996797598611787e-05,2.1099881278010496e-06,7.431357080955428e-06,3.0005487682569155e-05,2.1126292549229664e-06,7.470949023324915e-06,3.0165347520571165e-05,2.1238846817309927e-06,3.75116964512832e-08,3.75116964512832e-08,1.5985983800201017e-07,1.5985983800201017e-07,1.9737153445329337e-07,1.9737153445329337e-07,0.0065860815740349694,1.5229622419775668,1.0,0.42065728173279693,1.0012517260581315,1.0,0.0,0.0,input_tied,0.19766465619669885,4.717225150788376e-29,0.12533762689732517,0.5770575930771609,1.8818072703150271e-28,0.4952546194049395,0.4951524339365649,-0.00010218546837459375,0.00010218546837459375,5.11602627317563,5.117181986318263
11.2,2.4800000000000004,4.558508082537998e-06,1.6473387832136306e-05,7.956066050852777e-07,4.564660406243353e-06,1.6495620898883605e-05,7.966803838936018e-07,4.58807880497644e-06,1.658024954443006e-05,8.007676493706417e-07,2.2233066747298906e-08,2.2233066747298906e-08,8.462864554645446e-08,8.462864554645446e-08,1.0686171229375336e-07,1.0686171229375336e-07,0.0064869299128189895,1.499419168235305,1.0,0.40507781194222237,1.0013496353618243,1.0,0.0,0.0,input_tied,0.213125873710841,6.981484456615886e-29,0.1353663151635882,0.5744380236196981,2.578737719268957e-28,0.15211175100148555,0.1520499730377254,-6.177796376014011e-05,6.177796376014011e-05,9.732656762428611,9.733620436219637
12.0,2.4800000000000004,2.51049571798009e-06,8.248755831060166e-06,4.859946604585267e-07,2.5141137808178787e-06,8.260643729022551e-06,4.86695063652914e-07,2.526553304611494e-06,8.301516371701565e-06,4.8910317058536e-07,1.1887897962385577e-08,1.1887897962385577e-08,4.0872642679013344e-08,4.0872642679013344e-08,5.276054064139892e-08,5.276054064139892e-08,0.006396181645083063,1.4779687035454037,1.0,0.3906686474340275,1.0014411746699572,1.0,0.0,0.0,input_tied,0.22758118184557374,1.057583865067869e-28,0.14464355018632655,0.573393224602195,3.6558279429173075e-28,0.03820532013257955,0.03818289749842111,-2.2422634158442145e-05,2.2422634158442145e-05,11.590529688220059,11.59091137916122
12.8,2.4800000000000004,6.987841025928219e-07,2.049408911684897e-06,2.0546668407898788e-07,6.994671700185997e-07,2.051412226391795e-06,2.056675295167364e-07,7.035088980506247e-07,2.0632658925194363e-06,2.0685593728618611e-07,2.003314706898224e-09,2.003314706898224e-09,1.1853666127641196e-08,1.1853666127641196e-08,1.385698083453942e-08,1.385698083453942e-08,0.006761452414660903,1.5781226258875372,1.0,0.4562359290923607,1.000977508536962,1.0,0.0,0.0,input_tied,0.15436196093607268,1.3010580648552058e-28,0.10063809092004923,0.5338323643152548,6.4640438474176565e-28,0.0023603119148784086,0.002360637827104165,3.2591222575654305e-07,3.2591222575654305e-07,12.20872936069172,12.208723666844115
13.600000000000001,2.4800000000000004,2.2326194978907245e-07,5.624667345886857e-07,8.964752703803287e-08,2.2347384743147626e-07,5.630005710758369e-07,8.973261139586742e-08,2.2477479902601411e-07,5.662780753524455e-07,9.02549892276327e-08,5.338364871511579e-10,5.338364871511579e-10,3.2775042766086264e-09,3.2775042766086264e-09,3.811340763759784e-09,3.811340763759784e-09,0.006776117642844956,1.5835144599575646,1.0,0.4596467185984162,1.0009490987721106,1.0,0.0,0.0,input_tied,0.14987567069266702,2.3076403768253105e-28,0.09808481357269962,0.5280211608046792,1.1763494738739079e-27,0.00017781558896087508,0.00017784532634210925,2.9737381234166364e-08,2.9737381234166364e-08,12.24688842480808,12.246887904470011
14.4,2.4800000000000004,1.1131775215698983e-07,2.794000179578865e-07,4.0785166673063826e-08,1.1143378286003735e-07,2.796912471633543e-07,4.0827678594759043e-08,1.120622081172121e-07,2.8126855199333503e-07,4.105792425062972e-08,2.912292054677691e-10,2.912292054677691e-10,1.5773048299807504e-09,1.5773048299807504e-09,1.8685340354485195e-09,1.8685340354485195e-09,0.006687666125097245,1.5609164733916419,1.0,0.4452731317042589,1.001042337819433,1.0,0.0,0.0,input_tied,0.16459939088157655,3.666668547527599e-28,0.10740742647090296,0.5324768155223147,1.7068971243440566e-27,4.3877402874174614e-05,4.3877030310690535e-05,-3.7256348407819356e-10,3.7256348407819356e-10,12.249232157482366,12.249232164002024
15.200000000000001,2.4800000000000004,4.967747595064845e-08,1.4687159898936166e-07,1.176045210847181e-08,4.9733650512732854e-08,1.4703767924199085e-07,1.1773750655438333e-08,5.0005596558923314e-08,1.478416885012879e-07,1.1838130102886275e-08,1.6608025262919315e-10,1.6608025262919315e-10,8.040092592970524e-10,8.040092592970524e-10,9.700895119262456e-10,9.700895119262456e-10,0.006605017706633071,1.5399344597018174,1.0,0.4317398568847099,1.0011307853510958,1.0,0.0,0.0,input_tied,0.1785664652458109,5.806764790221485e-28,0.11619019864791928,0.5368461997978402,2.4988186859965714e-27,1.2124575704544754e-05,1.2122482013845997e-05,-2.09369069875658e-09,2.09369069875658e-09,12.249787820843952,12.249787857483222
16.0,2.4800000000000004,2.014453801101653e-08,5.599354655929196e-08,5.237878715422869e-09,2.0169031554913826e-08,5.606162855699601e-08,5.2442474001837085e-09,2.027600945961305e-08,5.635898321880636e-08,5.272063242360787e-09,6.808199770404839e-11,6.808199770404839e-11,2.973546618103465e-10,2.973546618103465e-10,3.654366595143949e-10,3.654366595143949e-10,0.006526406737380555,1.520124718640573,1.0,0.4187923832293445,1.001215890078189,1.0,0.0,0.0,input_tied,0.19200566507095895,1.013207224134784e-27,0.12459912372608362,0.54098728248732,4.065868177220089e-27,1.7622476007587655e-06,1.7616681152325093e-06,-5.794855262561245e-10,5.794855262561245e-10,12.249969160686396,12.249969170827377
16.8,2.4800000000000004,9.337349222530798e-09,2.5043653789138157e-08,2.2359326924194416e-09,9.349482474103685e-09,2.507619631748171e-08,2.2388381351966814e-09,9.39760049880631e-09,2.520525341098336e-08,2.2503605343233668e-09,3.254252834355456e-11,3.254252834355456e-11,1.2905709350164995e-10,1.2905709350164995e-10,1.6159962184520451e-10,1.6159962184520451e-10,0.006452717451128993,1.5013415333766713,1.0,0.40635906399495303,1.001299432128297,1.0,0.0,0.0,input_tied,0.20519809683773835,1.6364865520916763e-27,0.13268580337603814,0.5464962461447119,6.166773348968587e-27,3.5252210824165994e-07,3.5235458879996155e-07,-1.6751944169838734e-10,1.6751944169838734e-10,12.249993830863879,12.249993833795468
17.6,2.4800000000000004,3.484410888318046e-09,7.139226485334225e-09,8.222198924376402e-10,3.4880129737954025e-09,7.146606815859708e-09,8.230698801195386e-10,3.507652302728585e-09,7.186845932820351e-09,8.277041920421441e-10,7.380330525483494e-12,7.380330525483494e-12,4.023911696064278e-11,4.023911696064278e-11,4.7619447486126275e-11,4.7619447486126275e-11,0.006670113013496442,1.559816346703205,1.0,0.44456808785883606,1.0010337717315236,1.0,0.0,0.0,input_tied,0.16324668849867238,2.2372456970863042e-27,0.10702376707827714,0.5253311760113417,1.0452097502090277e-26,5.6207073804593766e-08,5.546228976920903e-08,-7.447840353847369e-10,7.447840353847369e-10,12.249999016376224,12.249999029409944
18.4,2.4800000000000004,1.7949803590232282e-09,1.9969300124387082e-09,3.8732741948561017e-10,1.7966016795096533e-09,1.9987337444532946e-09,3.876772739433536e-10,1.8071485938700737e-09,2.010467271073277e-09,3.899531256551686e-10,1.8037320145863918e-12,1.8037320145863918e-12,1.1733526619982158e-11,1.1733526619982158e-11,1.353725863456855e-11,1.353725863456855e-11,0.006779035093992333,1.5896510516836373,1.0,0.463514527796402,1.0009032524942543,1.0,0.0,0.0,input_tied,0.14263591668139713,3.1770480497800524e-27,0.09421603304878111,0.5139240325215798,1.686044268142297e-26,5.6207073804593766e-08,5.546228976920903e-08,-7.447840353847369e-10,7.447840353847369e-10,12.249999016376224,12.249999029409944
19.200000000000003,2.4800000000000004,0.0,0.0,0.0,1e-30,1e-30,1e-30,1.0057161736535278e-30,1.0057161736535278e-30,1.0057161736535278e-30,1e-30,1e-30,5.716173653527695e-33,5.716173653527695e-33,1.0057161736535278e-30,1.0057161736535278e-30,1.0057161736535276,1.5704009692603986,1.0,0.4513309811859851,1.0006470199295994,1.0,0.0,0.0,input_tied,0.10217329191624851,0.0,0.10217329191624851,0.0,0.0,5.6207073804593766e-08,5.546228976920903e-08,-7.447840353847369e-10,7.447840353847369e-10,12.249999016376224,12.249999029409944
20.0,2.4800000000000004,0.0,0.0,0.0,1e-30,1e-30,1e-30,1.0055641423643005e-30,1.0055641423643005e-30,1.0055641423643005e-30,1e-30,1e-30,5.564142364300414e-33,5.564142364300414e-33,1.0055641423643005e-30,1.0055641423643005e-30,1.0055641423643005,1.5516627094173834,1.0,0.43932707173589636,1.000696715514015,1.0,0.0,0.0,input_tied,0.11002090405486509,0.0,0.11002090405486509,0.0,0.0,5.6207073804593766e-08,5.546228976920903e-08,-7.447840353847369e-10,7.447840353847369e-10,12.249999016376224,12.249999029409944
4.0,2.6700000000000004,0.0001834888120595809,0.0015230826335008037,0.0003228518417737125,0.0001836446827846059,0.001524376467123094,0.00032312609909811326,0.00018422051728392478,0.0015291562872976254,0.0003241392901835816,1.293833622290205e-06,1.293833622290205e-06,4.779820174531484e-06,4.779820174531484e-06,6.0736537968216885e-06,6.0736537968216885e-06,0.003987737541765152,1.280917082806759,1.0,0.24757629233153006,1.000849483536764,1.0,0.0,0.0,input_tied,0.13414506324959544,4.439960469448162e-30,0.07718149434815945,0.7380469811128293,2.876311547830275e-29,2.9026971890451216,2.902662332411462,-3.485663365943026e-05,3.485663365943026e-05,14.113117762275687,14.112463032801598
4.8,2.6700000000000004,0.00019736992451803879,0.0015694394316102679,0.00015124680189505335,0.0001975253385286726,0.0015706752474373702,0.00015136589740636513,0.00019829508598084324,0.0015767960989641068,0.00015195576357109094,1.2358158271023097e-06,1.2358158271023097e-06,6.120851526736576e-06,6.120851526736576e-06,7.356667353838886e-06,7.356667353838886e-06,0.00468744903796054,1.3602809677586774,1.0,0.30769127235057525,1.0007874249889557,1.0,0.0,0.0,input_tied,0.12434517018439988,4.257726494326831e-30,0.07111786048012514,0.7484380062185624,2.9934298259132183e-29,13.899469934829549,13.89891257592908,-0.0005573589004690405,0.0005573589004690405,976.4796790731738,976.3925973794879
5.6,2.6700000000000004,0.00015724182456759554,0.001302126352564385,5.950687418721459e-05,0.00015743402160157553,0.0013037179445184867,5.957960957267361e-05,0.00015814796229199197,0.001309630118265616,5.9849794550230144e-05,1.5915919541016274e-06,1.5915919541016274e-06,5.9121737471293755e-06,5.9121737471293755e-06,7.503765701231003e-06,7.503765701231003e-06,0.005762701665973672,1.4305484675437201,1.0,0.35805791447458585,1.0012223022373883,1.0,0.0,0.0,input_tied,0.19301823266543022,7.356424259823637e-30,0.1092096338293002,0.7674103089396564,3.3680289924431367e-29,58.01738508976949,58.01085630710501,-0.00652878266448198,0.00652878266448198,20034.55184002033,20029.931573898066
6.4,2.6700000000000004,0.00010403708255399988,0.0006722701488916236,2.7225781826902705e-05,0.0001041858616927246,0.0006732315346906777,2.726471629403572e-05,0.00010470098911282415,0.0006765602015362588,2.739952156162294e-05,9.61385799054114e-07,9.61385799054114e-07,3.328666845581066e-06,3.328666845581066e-06,4.29005264463518e-06,4.29005264463518e-06,0.0063814415257143564,1.4775528482269376,1.0,0.3903872383399466,1.0014300587355234,1.0,0.0,0.0,input_tied,0.22582582383901448,1.1823810293406231e-29,0.1316552460415761,0.7152816209670805,4.4904440380872964e-29,59.89571924138318,59.887004720609426,-0.008714520773757783,0.008714520773757783,21385.93230979204,21379.56075742868
7.2,2.6700000000000004,7.600622864338473e-05,0.0001209653556031762,1.756792018956085e-05,7.611662068884951e-05,0.00012114104663894726,1.759343597529187e-05,7.65024358470284e-05,0.00012175507878656477,1.768261248132023e-05,1.7569103577106304e-07,1.7569103577106304e-07,6.140321476175126e-07,6.140321476175126e-07,7.897231833885757e-07,7.897231833885757e-07,0.00652850710396159,1.4921401916441892,1.0,0.40021145959540433,1.001452407880711,1.0,0.0,0.0,input_tied,0.2293550593862638,2.335743088932869e-29,0.14069871838435052,0.6301147730409906,8.300513024405297e-29,3.532803951222684,3.532311181311075,-0.00049276991160907,0.00049276991160907,28.430329339694335,28.41719358715145
8.0,2.6700000000000004,6.313932801633746e-05,8.591081903113288e-05,1.3492968299093392e-05,6.323696486294027e-05,8.604366905856893e-05,1.3513833438419774e-05,6.354324706378685e-05,8.646041335338594e-05,1.3579286400249369e-05,1.3285002743604422e-07,1.3285002743604422e-07,4.1674429481701296e-07,4.1674429481701296e-07,5.495943222530572e-07,5.495943222530572e-07,0.006397265541769446,1.4658274448318904,1.0,0.38241989178356733,1.001546371329412,1.0,0.0,0.0,input_tied,0.24419317245571884,2.959948078177675e-29,0.1520636193182569,0.6058618987927822,9.732597749047201e-29,2.326336270941947,2.3255724664221544,-0.0007638045197926324,0.0007638045197926324,5.363118042891453,5.354277441242439
8.8,2.6700000000000004,2.2146858335423456e-05,5.848230710570905e-05,7.047750129323704e-06,2.217260129225652e-05,5.855028548370373e-05,7.055942258636203e-06,2.229535390299961e-05,5.887443330506865e-05,7.095005574757014e-06,6.797837799467994e-08,6.797837799467994e-08,3.241478213649227e-07,3.241478213649227e-07,3.9212619935960263e-07,3.9212619935960263e-07,0.006705039844799886,1.5482467554553723,1.0,0.43712316521321565,1.0011623751072578,1.0,0.0,0.0,input_tied,0.18355491958893874,2.87547417226299e-29,0.11517223325097901,0.5937428181056691,1.2483365526119756e-28,1.583685385599573,1.5837193399461351,3.3954346562170556e-05,3.3954346562170556e-05,0.21087700551789895,0.21095497418902245
9.600000000000001,2.6700000000000004,1.0975147146615624e-05,4.3579838298163136e-05,3.956029587259143e-06,1.0987782956661058e-05,4.36300122549393e-05,3.960584208507582e-06,1.1048592173696394e-05,4.3871471964776086e-05,3.982503100214107e-06,5.0173956776163324e-08,5.0173956776163324e-08,2.414597098367868e-07,2.414597098367868e-07,2.9163366661295013e-07,2.9163366661295013e-07,0.006691940080586355,1.5480056645464257,1.0,0.4369674344285572,1.0011513112194883,1.0,0.0,0.0,input_tied,0.1818077804621563,3.492889648557977e-29,0.11485685465158924,0.582907533152099,1.5205403539707882e-28,0.9999999991528034,0.9999999991527281,-7.527312106958561e-14,7.527312106958561e-14,1.0000000042359827,1.0000000042363588
10.4,2.6700000000000004,7.4220666266363025e-06,2.9967976141729828e-05,2.1099881418428763e-06,7.431357020848582e-06,3.0005487838418416e-05,2.1126292689853634e-06,7.470948962897839e-06,3.0165347677250742e-05,2.1238846958683097e-06,3.751169668858795e-08,3.751169668858795e-08,1.5985983883232607e-07,1.5985983883232607e-07,1.9737153552091402e-07,1.9737153552091402e-07,0.006586081575461413,1.5229622419775668,1.0,0.42065728173279693,1.0012517260595504,1.0,0.0,0.0,input_tied,0.19766465642073286,4.717225148481253e-29,0.12533762689732517,0.577057594864605,1.881807269394664e-28,0.4952546244239773,0.4951524389559697,-0.00010218546800755401,0.00010218546800755401,5.116026216413737,5.1171819295458105
11.2,2.6700000000000004,4.558508269691014e-06,1.6473387263908685e-05,7.956065931607407e-07,4.5646605935993616e-06,1.6495620329709855e-05,7.966803719443151e-07,4.588078993293655e-06,1.6580248972336238e-05,8.007676373600508e-07,2.223306580116988e-08,2.223306580116988e-08,8.462864262638291e-08,8.462864262638291e-08,1.0686170842755279e-07,1.0686170842755279e-07,0.006486929901883301,1.499419168235305,1.0,0.40507781194222237,1.0013496353509446,1.0,0.0,0.0,input_tied,0.2131258719927838,6.981484475869756e-29,0.1353663151635882,0.5744380109277872,2.578737726380723e-28,0.15211174052042012,0.15204996255761652,-6.17779628035997e-05,6.17779628035997e-05,9.732656925918592,9.733620599702785
12.0,2.6700000000000004,2.510495908428932e-06,8.248754552295914e-06,4.859947975769274e-07,2.514113971336279e-06,8.260642447742097e-06,4.866952009292583e-07,2.5265534960725555e-06,8.301515084081494e-06,4.891033085409306e-07,1.1887895446182728e-08,1.1887895446182728e-08,4.0872636339396945e-08,4.0872636339396945e-08,5.276053178557967e-08,5.276053178557967e-08,0.006396181563057248,1.4779687035454037,1.0,0.3906686474340275,1.0014411745883351,1.0,0.0,0.0,input_tied,0.22758116895632738,1.0575838733741552e-28,0.14464355018632655,0.5733931354917831,3.655827971630258e-28,0.03820530826525387,0.03818288563185531,-2.2422633398556935e-05,2.2422633398556935e-05,11.590529890230824,11.590911581162375
12.8,2.6700000000000004,6.987846283852094e-07,2.049405815783449e-06,2.0546716650296852e-07,6.99467695952805e-07,2.0514091263726333e-06,2.0566801230286577e-07,7.035094270238332e-07,2.0632627745874475e-06,2.0685642286199642e-07,2.0033105891843467e-09,2.0033105891843467e-09,1.1853648214814161e-08,1.1853648214814161e-08,1.3856958803998508e-08,1.3856958803998508e-08,0.006761451879017556,1.5781226258875372,1.0,0.4562359290923607,1.000977508004396,1.0,0.0,0.0,input_tied,0.15436187683661992,1.3010581332156692e-28,0.10063809092004923,0.533831528653012,6.464044187052792e-28,0.0023603047817545657,0.002360630690483631,3.259087290653252e-07,3.259087290653252e-07,12.208729485310933,12.208723791524392
13.600000000000001,2.6700000000000004,2.232609622322112e-07,5.62464405988497e-07,8.964987572463278e-08,2.234728582043599e-07,5.629982384190051e-07,8.973496201728221e-08,2.2477380404011834e-07,5.662757291160666e-07,9.025735353317525e-08,5.338324305080385e-10,5.338324305080385e-10,3.277490697061543e-09,3.277490697061543e-09,3.811323127569581e-09,3.811323127569581e-09,0.006776114340731326,1.5835144599575646,1.0,0.4596467185984162,1.000949095489109,1.0,0.0,0.0,input_tied,0.14987515226181336,2.307638398219833e-28,0.09808481357269962,0.5280158752682667,1.1763484652542217e-27,0.00017781411633678793,0.00017784385230511503,2.973596832710288e-08,2.973596832710288e-08,12.246888450575726,12.246887930262382
14.4,2.6700000000000004,1.1131761379376522e-07,2.7940246074760616e-07,4.078435155091121e-08,1.1143364475584263e-07,2.7969369351142916e-07,4.082686277071621e-08,1.1206206923418568e-07,2.812710121374678e-07,4.1057103825787916e-08,2.9123276382300496e-10,2.9123276382300496e-10,1.5773186260386138e-09,1.5773186260386138e-09,1.868551389861619e-09,1.868551389861619e-09,0.006687669768053852,1.5609164733916419,1.0,0.4452731317042589,1.0010423414419607,1.0,0.0,0.0,input_tied,0.1645999629282141,3.66666958700153e-28,0.10740742647090296,0.5324821414728227,1.7068976082370074e-27,4.3878170128867925e-05,4.3877797876432757e-05,-3.7225243516885364e-10,3.7225243516885364e-10,12.24923214405583,12.249232150570043
15.200000000000001,2.6700000000000004,4.9679824267115945e-08,1.4687367107938247e-07,1.175908186933793e-08,4.973600222322149e-08,1.4703975585864e-07,1.1772379041677857e-08,5.000796112868052e-08,1.4784377647297898e-07,1.183675098907432e-08,1.6608477925754305e-10,1.6608477925754305e-10,8.040206143389725e-10,8.040206143389725e-10,9.701053935965156e-10,9.701053935965156e-10,0.006605032654710399,1.5399344597018174,1.0,0.4317398568847099,1.001130800217881,1.0,0.0,0.0,input_tied,0.17856881291439658,5.806777887908907e-28,0.11619019864791928,0.5368664051904894,2.4988243223099502e-27,1.2124917819874882e-05,1.2122824430146313e-05,-2.0933897285686125e-09,2.0933897285686125e-09,12.249787814856985,12.24978785149099
16.0,2.6700000000000004,2.014448588713063e-08,5.600629786329342e-08,5.235305944933229e-09,2.0168981301695557e-08,5.607440074226958e-08,5.241672004122523e-09,2.027595893984832e-08,5.6371823148612695e-08,5.2694741862250635e-09,6.810287897615824e-11,6.810287897615824e-11,2.974224063431137e-10,2.974224063431137e-10,3.6552528531927193e-10,3.6552528531927193e-10,0.006526503255249755,1.520124718640573,1.0,0.4187923832293445,1.0012159860868217,1.0,0.0,0.0,input_tied,0.19202082614653762,1.01320316685625e-27,0.12459912372608362,0.541108961317197,4.065851895891567e-27,1.763050318746437e-06,1.7624709072736612e-06,-5.794114727758898e-10,5.794114727758898e-10,12.249969146638843,12.249969156778535
16.8,2.6700000000000004,9.324480311993152e-09,2.4949645705093543e-08,2.264056559517541e-09,9.336576617985478e-09,2.49820119645258e-08,2.266993636975105e-09,9.384628221439094e-09,2.5110584329056122e-08,2.278660941141598e-09,3.236625943225616e-11,3.236625943225616e-11,1.2857236453032332e-10,1.2857236453032332e-10,1.6093862396257948e-10,1.6093862396257948e-10,0.006450537449103872,1.5013415333766713,1.0,0.40635906399495303,1.001297263288418,1.0,0.0,0.0,input_tied,0.2048556073718737,1.636424901916885e-27,0.13268580337603814,0.5439150395864337,6.1665410325744335e-27,3.498805026322921e-07,3.4971272351047293e-07,-1.6777912181919084e-10,1.6777912181919084e-10,12.249993877091967,12.2499938800281
17.6,2.6700000000000004,3.484410888318046e-09,7.139226485334223e-09,8.222198924376402e-10,3.4880129737954025e-09,7.1466068158597066e-09,8.230698801195386e-10,3.507652302728585e-09,7.186845932820349e-09,8.277041920421441e-10,7.380330525483494e-12,7.380330525483494e-12,4.023911696064278e-11,4.023911696064278e-11,4.7619447486126275e-11,4.7619447486126275e-11,0.006670113013496443,1.559816346703205,1.0,0.44456808785883606,1.0010337717315236,1.0,0.0,0.0,input_tied,0.16324668849867235,2.2372456970863046e-27,0.10702376707827714,0.5253311760113416,1.0452097502090278e-26,5.6207073804593766e-08,5.546228976920903e-08,-7.447840353847369e-10,7.447840353847369e-10,12.249999016376224,12.249999029409944
18.4,2.6700000000000004,1.7949803590232282e-09,1.9969300124387082e-09,3.8732741948561017e-10,1.7966016795096533e-09,1.9987337444532946e-09,3.876772739433536e-10,1.8071485938700737e-09,2.010467271073277e-09,3.899531256551686e-10,1.8037320145863918e-12,1.8037320145863918e-12,1.1733526619982158e-11,1.1733526619982158e-11,1.353725863456855e-11,1.353725863456855e-11,0.006779035093992333,1.5896510516836373,1.0,0.463514527796402,1.0009032524942543,1.0,0.0,0.0,input_tied,0.14263591668139713,3.1770480497800524e-27,0.09421603304878111,0.5139240325215798,1.686044268142297e-26,5.6207073804593766e-08,5.546228976920903e-08,-7.447840353847369e-10,7.447840353847369e-10,12.249999016376224,12.249999029409944
19.200000000000003,2.6700000000000004,0.0,0.0,0.0,1e-30,1e-30,1e-30,1.0057161736535278e-30,1.0057161736535278e-30,1.0057161736535278e-30,1e-30,1e-30,5.716173653527695e-33,5.716173653527695e-33,1.0057161736535278e-30,1.0057161736535278e-30,1.0057161736535276,1.5704009692603986,1.0,0.4513309811859851,1.0006470199295994,1.0,0.0,0.0,input_tied,0.10217329191624851,0.0,0.10217329191624851,0.0,0.0,5.6207073804593766e-08,5.546228976920903e-08,-7.447840353847369e-10,7.447840353847369e-10,12.249999016376224,12.249999029409944
20.0,2.6700000000000004,0.0,0.0,0.0,1e-30,1e-30,1e-30,1.0055641423643005e-30,1.0055641423643005e-30,1.0055641423643005e-30,1e-30,1e-30,5.564142364300414e-33,5.564142364300414e-33,1.0055641423643005e-30,1.0055641423643005e-30,1.0055641423643005,1.5516627094173834,1.0,0.43932707173589636,1.000696715514015,1.0,0.0,0.0,input_tied,0.11002090405486509,0.0,0.11002090405486509,0.0,0.0,5.6207073804593766e-08,5.546228976920903e-08,-7.447840353847369e-10,7.447840353847369e-10,12.249999016376224,12.249999029409944
4.0,2.8600000000000003,0.00018509964954869804,0.0015262709431112347,0.000321340408063833,0.00018525694626934022,0.0015275679602301119,0.00032161348147332616,0.00018583783616651992,0.001532357787619704,0.0003226219296095328,1.2970171188772094e-06,1.2970171188772094e-06,4.789827389592221e-06,4.789827389592221e-06,6.086844508469431e-06,6.086844508469431e-06,0.003988049786272987,1.280917082806759,1.0,0.24757629233153006,1.0008497948052613,1.0,0.0,0.0,input_tied,0.13419421680046315,4.43976320752282e-30,0.07718149434815945,0.7386838378008587,2.8761837568831e-29,2.942259831401674,2.9422241717347637,-3.565966691043698e-05,3.565966691043698e-05,14.866033672219503,14.865346224268611
4.8,2.8600000000000003,0.00019750513194841799,0.0015695233127737242,0.00015118717224227974,0.0001976606499637261,0.0015707591750937278,0.000151306218915828,0.00019843092471853626,0.0015768803536828056,0.0001518958525161325,1.2358623200036355e-06,1.2358623200036355e-06,6.121178589077762e-06,6.121178589077762e-06,7.357040909081397e-06,7.357040909081397e-06,0.004687436528788949,1.3602809677586774,1.0,0.30769127235057525,1.0007874125283425,1.0,0.0,0.0,input_tied,0.12434320248323327,4.2576725800036655e-30,0.07111786048012514,0.748410338046976,2.9933919210024115e-29,13.911774921951649,13.911216631973522,-0.0005582899781266804,0.0005582899781266804,978.4031981098636,978.3158850760678
5.6,2.8600000000000003,0.00015724957764809235,0.0013021215083105515,5.950497909015321e-05,0.0001574417833212352,0.0013037130874089624,5.957771184233249e-05,0.00015815575920993623,0.0013096252391297974,5.984788821395432e-05,1.59157909841094e-06,1.59157909841094e-06,5.912151720834959e-06,5.912151720834959e-06,7.503730819245899e-06,7.503730819245899e-06,0.0057626963162459984,1.4305484675437201,1.0,0.35805791447458585,1.0012222969118112,1.0,0.0,0.0,input_tied,0.19301739168398768,7.356420609647446e-30,0.1092096338293002,0.767402608323758,3.368027321264476e-29,58.02038223542545,58.01385269201861,-0.0065295434068417535,0.0065295434068417535,20036.67302803551,20032.051978959895
6.4,2.8600000000000003,0.00010403747261701672,0.0006722696389710111,2.72257085526094e-05,0.00010418625223806066,0.0006732310235530226,2.7264642895199796e-05,0.00010470138158913826,0.0006765596878713796,2.739944779988026e-05,9.613845820115883e-07,9.613845820115883e-07,3.3286643183569765e-06,3.3286643183569765e-06,4.290048900368565e-06,4.290048900368565e-06,0.00638144079648606,1.4775528482269376,1.0,0.3903872383399466,1.001430058009883,1.0,0.0,0.0,input_tied,0.2258257092504631,1.1823810293633132e-29,0.1316552460415761,0.7152807505987905,4.490444038173469e-29,59.89587171208015,59.88715711325064,-0.00871459882951342,0.00871459882951342,21386.043795975864,21379.6721699379
7.2,2.8600000000000003,7.600625220486701e-05,0.00012096534413756391,1.7567915929035053e-05,7.611664427979408e-05,0.00012114103514910887,1.7593431707478165e-05,7.650245955754928e-05,0.0001217550672384874,1.7682608191874095e-05,1.7569101154495852e-07,1.7569101154495852e-07,6.140320893785359e-07,6.140320893785359e-07,7.897231009234944e-07,7.897231009234944e-07,0.0065285070410365425,1.4921401916441892,1.0,0.40021145959540433,1.0014524078181033,1.0,0.0,0.0,input_tied,0.22935504949965127,2.3357430442599439e-29,0.14069871838435052,0.6301147027730263,8.300512865651452e-29,3.5328042581996972,3.5323114879193116,-0.0004927702803856349,0.0004927702803856349,28.430337523717252,28.41720175945418
8.0,2.8600000000000003,6.313932978333899e-05,8.59108180948319e-05,1.3492967983253393e-05,6.323696663233182e-05,8.604366812035418e-05,1.3513833122018197e-05,6.35432488417483e-05,8.646041241062705e-05,1.3579286082315332e-05,1.328500255222783e-07,1.328500255222783e-07,4.1674429027286416e-07,4.1674429027286416e-07,5.495943157951425e-07,5.495943157951425e-07,0.006397265536320205,1.4658274448318904,1.0,0.38241989178356733,1.001546371323989,1.0,0.0,0.0,input_tied,0.24419317159934684,2.9599480738358546e-29,0.1520636193182569,0.6058618931611132,9.732597734770872e-29,2.3263362680406803,2.325572463492023,-0.0007638045486570988,0.0007638045486570988,5.363118009297095,5.354277407341829
8.8,2.8600000000000003,2.214685839297915e-05,5.8482307040463055e-05,7.047750111672346e-06,2.2172601349870948e-05,5.855028541836034e-05,7.055942240961729e-06,2.229535396093301e-05,5.8874433239363505e-05,7.09500555698469e-06,6.79783778972847e-08,6.79783778972847e-08,3.241478210031651e-07,3.241478210031651e-07,3.921261989004498e-07,3.921261989004498e-07,0.006705039844429246,1.5482467554553723,1.0,0.43712316521321565,1.0011623751068892,1.0,0.0,0.0,input_tied,0.183554919530742,2.875474172351914e-29,0.11517223325097901,0.5937428176003673,1.2483365526505803e-28,1.5836853834620066,1.5837193378075918,3.3954345585174295e-05,3.3954345585174295e-05,0.21087700060990275,0.21095496927787533
9.600000000000001,2.8600000000000003,1.097514715022593e-05,4.3579838288134076e-05,3.95602958689054e-06,1.0987782960274548e-05,4.363001224489483e-05,3.9605842081382046e-06,1.104859217732988e-05,4.3871471954676024e-05,3.982503099842686e-06,5.01739567607541e-08,5.01739567607541e-08,2.4145970978119434e-07,2.4145970978119434e-07,2.9163366654194844e-07,2.9163366654194844e-07,0.006691940080497143,1.5480056645464257,1.0,0.4369674344285572,1.0011513112193997,1.0,0.0,0.0,input_tied,0.18180778044816773,3.492889648610066e-29,0.11485685465158924,0.5829075330303074,1.5205403539934637e-28,0.9999999987043833,0.9999999987041418,-2.4147350785597155e-13,2.4147350785597155e-13,1.000000006478083,1.0000000064792904
10.4,2.8600000000000003,7.4220666386167255e-06,2.9967976092161507e-05,2.1099881410283906e-06,7.431357032839903e-06,3.00054877887715e-05,2.1126292681686927e-06,7.470948974953046e-06,3.0165347627339326e-05,2.1238846950472883e-06,3.751169660999346e-08,3.751169660999346e-08,1.5985983856782479e-07,1.5985983856782479e-07,1.9737153517781824e-07,1.9737153517781824e-07,0.006586081574906328,1.5229622419775668,1.0,0.42065728173279693,1.0012517260589981,1.0,0.0,0.0,input_tied,0.19766465633353697,4.717225149009977e-29,0.12533762689732517,0.5770575941689172,1.8818072696055838e-28,0.4952546227929876,0.4951524373247793,-0.00010218546820828234,0.00010218546820828234,5.116026234859118,5.117181947995545
11.2,2.8600000000000003,4.558508237569585e-06,1.647338760064315e-05,7.956065609638946e-07,4.5646605614844496e-06,1.6495620667079005e-05,7.966803397127186e-07,4.5880789610139815e-06,1.658024931143622e-05,8.007676049630943e-07,2.2233066435855056e-08,2.2233066435855056e-08,8.462864435721342e-08,8.462864435721342e-08,1.0686171079306848e-07,1.0686171079306848e-07,0.006486929912879389,1.499419168235305,1.0,0.40507781194222237,1.0013496353618843,1.0,0.0,0.0,input_tied,0.2131258737202891,6.981484468106337e-29,0.1353663151635882,0.5744380236894945,2.5787377235131635e-28,0.15211174677227632,0.15204996881023347,-6.177796204284713e-05,6.177796204284713e-05,9.732656828398367,9.733620502165866
12.0,2.8600000000000003,2.5104955122388165e-06,8.248755747682928e-06,4.859948078107491e-07,2.5141135746926685e-06,8.260643645237891e-06,4.86695211200572e-07,2.526553097466402e-06,8.30151628750235e-06,4.891033188630656e-07,1.188789755496273e-08,1.188789755496273e-08,4.087264226445848e-08,4.087264226445848e-08,5.276053981942121e-08,5.276053981942121e-08,0.006396181610086057,1.4779687035454037,1.0,0.3906686474340275,1.0014411746351324,1.0,0.0,0.0,input_tied,0.2275811763462397,1.057583861580769e-28,0.14464355018632655,0.5733931865822898,3.655827930863193e-28,0.03820531933674835,0.038182896700417884,-2.2422636330468593e-05,2.2422636330468593e-05,11.590529701767043,11.590911392745403
12.8,2.8600000000000003,6.987844310137842e-07,2.049407420527687e-06,2.0546678253598966e-07,6.994674986279593e-07,2.051410733387966e-06,2.0566762803098083e-07,7.035092285587863e-07,2.0632643908885897e-06,2.0685603636967496e-07,2.003312860278731e-09,2.003312860278731e-09,1.1853657500623757e-08,1.1853657500623757e-08,1.3856970360902488e-08,1.3856970360902488e-08,0.006761452223752833,1.5781226258875372,1.0,0.4562359290923607,1.0009775083471508,1.0,0.0,0.0,input_tied,0.1543619309622725,1.3010581119254995e-28,0.10063809092004923,0.5338320664777271,6.464044081276889e-28,0.0023603084797284716,0.0023606343905847333,3.259108562617477e-07,3.259108562617477e-07,12.208729420705495,12.208723726881802
13.600000000000001,2.8600000000000003,2.2326133162687658e-07,5.624646990331373e-07,8.964914776742822e-08,2.2347322815001918e-07,5.629985322466503e-07,8.973423344964732e-08,2.2477417613941395e-07,5.662760246542276e-07,9.025662072418846e-08,5.338332135130241e-10,5.338332135130241e-10,3.2774924075773466e-09,3.2774924075773466e-09,3.811325621090371e-09,3.811325621090371e-09,0.006776115243573408,1.5835144599575646,1.0,0.4596467185984162,1.0009490963867256,1.0,0.0,0.0,input_tied,0.14987529400774094,2.3076390613089432e-28,0.09808481357269962,0.5280173204045973,1.1763488032724562e-27,0.00017781430171929963,0.00017784403803760274,2.973631830311893e-08,2.973631830311893e-08,12.246888447331946,12.246887927012477
14.4,2.8600000000000003,1.1131574477949525e-07,2.79400188998256e-07,4.0787004209623966e-08,1.1143177288616144e-07,2.7969141711693644e-07,4.0829517861977484e-08,1.1206018680818884e-07,2.812687229053619e-07,4.1059773890303846e-08,2.9122811868045206e-10,2.9122811868045206e-10,1.5773057884254765e-09,1.5773057884254765e-09,1.8685339071059285e-09,1.8685339071059285e-09,0.006687661571759323,1.5609164733916419,1.0,0.4452731317042589,1.0010423332916294,1.0,0.0,0.0,input_tied,0.16459867587948576,3.666661591434718e-28,0.10740742647090296,0.5324701586074787,1.7068938861634625e-27,4.387745656680714e-05,4.387708360595033e-05,-3.7296085681214107e-10,3.7296085681214107e-10,12.249232156542774,12.249232163069385
15.200000000000001,2.8600000000000003,4.9681081829448864e-08,1.4687316568925102e-07,1.1757709405128321e-08,4.973726184806883e-08,1.4703925179042574e-07,1.1771005177059696e-08,5.0009227641218464e-08,1.4784326964849494e-07,1.183536961209688e-08,1.6608610117472116e-10,1.6608610117472116e-10,8.040178580691982e-10,8.040178580691982e-10,9.701039592439193e-10,9.701039592439193e-10,0.0066050456166814745,1.5399344597018174,1.0,0.4317398568847099,1.0011308131093608,1.0,0.0,0.0,input_tied,0.17857084865531392,5.806789245537187e-28,0.11619019864791928,0.5368839259533508,2.4988292098255975e-27,1.2124834378374299e-05,1.2122741315258686e-05,-2.09306311561352e-09,2.09306311561352e-09,12.2497878163172,12.249787852945488
16.0,2.8600000000000003,2.0144425275140493e-08,5.6017300783413826e-08,5.233073247952434e-09,2.0168922291454493e-08,5.608542170085946e-08,5.239437027458502e-09,2.0275899616612953e-08,5.6382902563110803e-08,5.267227355093965e-09,6.812091744563435e-11,6.812091744563435e-11,2.9748086225134347e-10,2.9748086225134347e-10,3.656017796969778e-10,3.656017796969778e-10,0.006526586868413141,1.520124718640573,1.0,0.4187923832293445,1.0012160692588352,1.0,0.0,0.0,input_tied,0.19203396014445764,1.0131996576355316e-27,0.12459912372608362,0.5412143713516117,4.065837813847434e-27,1.7637431196663038e-06,1.7631637734459253e-06,-5.793462203785764e-10,5.793462203785764e-10,12.249969134514844,12.249969144653392
16.8,2.8600000000000003,9.280470634419696e-09,2.5161429443196974e-08,2.246447868739097e-09,9.292532342716322e-09,2.5194131429359657e-08,2.2493675481350763e-09,9.34035726800553e-09,2.532379548743313e-08,2.2609441379138407e-09,3.270198616268316e-11,3.270198616268316e-11,1.2966405807347282e-10,1.2966405807347282e-10,1.6236604423615598e-10,1.6236604423615598e-10,0.006452973770933977,1.5013415333766713,1.0,0.40635906399495303,1.0012996871356816,1.0,0.0,0.0,input_tied,0.20523836598978418,1.6356416624315244e-27,0.13268580337603814,0.5467997386889124,6.163589550707376e-27,3.5584559683205604e-07,3.556766792246352e-07,-1.6891760742084896e-10,1.6891760742084896e-10,12.249993772702846,12.2499937756589
17.6,2.8600000000000003,3.3299913471321764e-09,7.391405161058225e-09,8.512631401977156e-10,3.3334360135243844e-09,7.399051104334149e-09,8.521437183206858e-10,3.3522049936970947e-09,7.440711614063655e-09,8.569417310884637e-10,7.645943275923682e-12,7.645943275923682e-12,4.166050972950577e-11,4.166050972950577e-11,4.9306453005429455e-11,4.9306453005429455e-11,0.006670782067962063,1.559816346703205,1.0,0.44456808785883606,1.0010344370399564,1.0,0.0,0.0,input_tied,0.16335174979527597,2.2305679281019485e-27,0.10702376707827714,0.5263128392387885,1.0420899903806001e-26,5.6207073804593766e-08,5.546228976920903e-08,-7.447840353847369e-10,7.447840353847369e-10,12.249999016376224,12.249999029409944
18.4,2.8600000000000003,1.7949803590232282e-09,1.996930012438708e-09,3.8732741948561017e-10,1.7966016795096533e-09,1.9987337444532942e-09,3.876772739433536e-10,1.8071485938700737e-09,2.0104672710732764e-09,3.899531256551686e-10,1.8037320145863918e-12,1.8037320145863918e-12,1.1733526619982158e-11,1.1733526619982158e-11,1.353725863456855e-11,1.353725863456855e-11,0.006779035093992335,1.5896510516836373,1.0,0.463514527796402,1.0009032524942543,1.0,0.0,0.0,input_tied,0.1426359166813971,3.1770480497800524e-27,0.09421603304878111,0.5139240325215796,1.686044268142297e-26,5.6207073804593766e-08,5.546228976920903e-08,-7.447840353847369e-10,7.447840353847369e-10,12.249999016376224,12.249999029409944
19.200000000000003,2.8600000000000003,1.8603064690849132e-09,2.063041699959558e-09,3.88760954464617e-10,1.8621348956954406e-09,2.065069387550565e-09,3.8914305326720124e-10,1.8727791821255294e-09,2.076873682776388e-09,3.913674625357405e-10,2.0276875910069583e-12,2.0276875910069583e-12,1.1804295225822897e-11,1.1804295225822897e-11,1.3831982816829855e-11,1.3831982816829855e-11,0.006704654984482866,1.5704009692603986,1.0,0.4513309811859851,1.000982863114714,1.0,0.0,0.0,input_tied,0.15520752196237864,3.447517208295368e-27,0.10217329191624851,0.5190615771644347,1.6870931452033958e-26,5.6207073804593766e-08,5.546228976920903e-08,-7.447840353847369e-10,7.447840353847369e-10,12.249999016376224,12.249999029409944
20.0,2.8600000000000003,0.0,0.0,0.0,1e-30,1e-30,1e-30,1.0055641423643005e-30,1.0055641423643005e-30,1.0055641423643005e-30,1e-30,1e-30,5.564142364300414e-33,5.564142364300414e-33,1.0055641423643005e-30,1.0055641423643005e-30,1.0055641423643005,1.5516627094173834,1.0,0.43932707173589636,1.000696715514015,1.0,0.0,0.0,input_tied,0.11002090405486509,0.0,0.11002090405486509,0.0,0.0,5.6207073804593766e-08,5.546228976920903e-08,-7.447840353847369e-10,7.447840353847369e-10,12.249999016376224,12.249999029409944
4.0,3.0500000000000003,0.00018671266787649598,0.0015293985637984202,0.0003198406565086706,0.00018687139157356567,0.0015306986994405275,0.0003201125517799001,0.0001874573437098984,0.0015354983435458469,0.00032111629361541007,1.3001356421072242e-06,1.3001356421072242e-06,4.79964410531942e-06,4.79964410531942e-06,6.0997797474266445e-06,6.0997797474266445e-06,0.003988351952075336,1.280917082806759,1.0,0.24757629233153006,1.0008500960265572,1.0,0.0,0.0,input_tied,0.13424178376091192,4.439562213923322e-30,0.07718149434815945,0.7393001378718861,2.8760535484690263e-29,2.982012580075873,2.981976104066816,-3.647600905720694e-05,3.647600905720694e-05,15.64227377198951,15.641552461490134
4.8,3.0500000000000003,0.0001976403493467016,0.0015696068797313428,0.00015112758336560206,0.00019779597136155295,0.0015708427882184291,0.0001512465812276313,0.00019856677345782715,0.0015769642926441322,0.00015183598242251946,1.235908487086379e-06,1.235908487086379e-06,6.121504425703021e-06,6.121504425703021e-06,7.3574129127894e-06,7.3574129127894e-06,0.004687423970802619,1.3602809677586774,1.0,0.30769127235057525,1.0007874000191042,1.0,0.0,0.0,input_tied,0.12434122710349718,4.257618686833386e-30,0.07111786048012514,0.7483825619057544,2.9933540309633163e-29,13.924081905961664,13.923522683824396,-0.0005592221372676676,0.0005592221372676676,980.328922420227,980.2413775766513
5.6,3.0500000000000003,0.00015725733065896852,0.0013021166629367071,5.9503084109928965e-05,0.0001574495449710785,0.0013037082291778772,5.9575814228980874e-05,0.00015816355605774746,0.0013096203588673315,5.9845981995198536e-05,1.5915662411700605e-06,1.5915662411700605e-06,5.9121296894543325e-06,5.9121296894543325e-06,7.503695930624393e-06,7.503695930624393e-06,0.0057626909663386515,1.4305484675437201,1.0,0.35805791447458585,1.0012222915860554,1.0,0.0,0.0,input_tied,0.19301655067435217,7.356416959893312e-30,0.1092096338293002,0.7673949074497046,3.368025650279049e-29,58.02337931828732,58.01684901408602,-0.00653030420129852,0.00653030420129852,20038.794283891544,20034.17245177383
6.4,3.0500000000000003,0.00010403786267907357,0.0006722691290486461,2.722563527875625e-05,0.00010418664278243503,0.0006732305124136149,2.7264569496804825e-05,0.00010470177406448592,0.0006765591742047391,2.7399374038580714e-05,9.613833649688456e-07,9.613833649688456e-07,3.328661791124213e-06,3.328661791124213e-06,4.290045156093059e-06,4.290045156093059e-06,0.006381440067260067,1.4775528482269376,1.0,0.3903872383399466,1.0014300572842447,1.0,0.0,0.0,input_tied,0.2258255946622641,1.1823810293866317e-29,0.1316552460415761,0.7152798802331769,4.4904440382620277e-29,59.89602418166961,59.88730950478418,-0.008714676885432482,0.008714676885432482,21386.155281640473,21379.783581927608
7.2,3.0500000000000003,7.600627576635856e-05,0.0001209653326717909,1.7567911668568938e-05,7.611666787074787e-05,0.00012114102365910938,1.759342743972421e-05,7.650248326807941e-05,0.00012175505569024812,1.7682603902488015e-05,1.7569098731847453e-07,1.7569098731847453e-07,6.140320311387459e-07,6.140320311387459e-07,7.897230184572204e-07,7.897230184572204e-07,0.0065285069781102975,1.4921401916441892,1.0,0.40021145959540433,1.0014524077554945,1.0,0.0,0.0,input_tied,0.22935503961289117,2.33574299958667e-29,0.14069871838435052,0.6301146325040131,8.300512706896367e-29,3.5328045651536537,3.5323117945044915,-0.0004927706491621997,0.0004927706491621997,28.430345707126666,28.417209931143525
8.0,3.0500000000000003,6.313933154975131e-05,8.59108171586698e-05,1.349296766770325e-05,6.323696840113321e-05,8.604366718227845e-05,1.3513832805906913e-05,6.35432506191167e-05,8.646041146800783e-05,1.3579285764672992e-05,1.3285002360864792e-07,1.3285002360864792e-07,4.1674428572937943e-07,4.1674428572937943e-07,5.495943093380273e-07,5.495943093380273e-07,0.006397265530869931,1.4658274448318904,1.0,0.38241989178356733,1.001546371318565,1.0,0.0,0.0,input_tied,0.24419317074283792,2.95994806949424e-29,0.1520636193182569,0.6058618875285434,9.73259772049522e-29,2.326336265103081,2.3255724605255823,-0.0007638045774984725,0.0007638045774984725,5.363117975282033,5.354277373021129
8.8,3.0500000000000003,2.214685845572753e-05,5.848230696335134e-05,7.0477500947404865e-06,2.2172601412681893e-05,5.85502853411316e-05,7.055942224006888e-06,2.2295354024091688e-05,5.887443316170721e-05,7.095005539935983e-06,6.797837778026541e-08,6.797837778026541e-08,3.2414782057560996e-07,3.2414782057560996e-07,3.9212619835587536e-07,3.9212619835587536e-07,0.006705039843958381,1.5482467554553723,1.0,0.43712316521321565,1.001162375106421,1.0,0.0,0.0,input_tied,0.18355491945677135,2.8754741724279103e-29,0.11517223325097901,0.5937428169581063,1.248336552683573e-28,1.5836853806251638,1.583719334969497,3.395434433306477e-05,3.395434433306477e-05,0.21087699409632094,0.210954962760214
9.600000000000001,3.0500000000000003,1.097514716161622e-05,4.3579838239086545e-05,3.956029589534321e-06,1.098778297167254e-05,4.363001219576934e-05,3.960584210783078e-06,1.1048592188790953e-05,4.387147190527866e-05,3.9825031025021965e-06,5.017395668279319e-08,5.017395668279319e-08,2.4145970950932387e-07,2.4145970950932387e-07,2.9163366619211706e-07,2.9163366619211706e-07,0.006691940080001312,1.5480056645464257,1.0,0.4369674344285572,1.0011513112189065,1.0,0.0,0.0,input_tied,0.18180778037030546,3.492889648762223e-29,0.11485685465158924,0.5829075323524004,1.5205403540597014e-28,0.9999999963697461,0.999999996368582,-1.1641798636219391e-12,1.1641798636219391e-12,1.000000018151269,1.0000000181570896
10.4,3.0500000000000003,7.422066650879911e-06,2.996797605593746e-05,2.1099881408201052e-06,7.4313570451148505e-06,3.000548775248762e-05,2.112629267959127e-06,7.47094898729339e-06,3.0165347590862136e-05,2.123884694836606e-06,3.751169655016244e-08,3.751169655016244e-08,1.5985983837451493e-07,1.5985983837451493e-07,1.9737153492467737e-07,1.9737153492467737e-07,0.0065860815744202645,1.5229622419775668,1.0,0.42065728173279693,1.0012517260585148,1.0,0.0,0.0,input_tied,0.1976646562572049,4.7172251494728265e-29,0.12533762689732517,0.5770575935599054,1.881807269790225e-28,0.4952546215976669,0.49515243612923554,-0.00010218546843138165,0.00010218546843138165,5.116026248377378,5.117181961517856
11.2,3.0500000000000003,4.558508157061265e-06,1.64733877061025e-05,7.956065816946357e-07,4.564660480867972e-06,1.649562077268249e-05,7.966803604715258e-07,4.588078879983911e-06,1.6580249417581485e-05,8.007676258284018e-07,2.223306657998957e-08,2.223306657998957e-08,8.462864489899603e-08,8.462864489899603e-08,1.068617114789856e-07,1.068617114789856e-07,0.006486929912989246,1.499419168235305,1.0,0.40507781194222237,1.0013496353619937,1.0,0.0,0.0,input_tied,0.21312587373757536,6.981484462338322e-29,0.1353663151635882,0.5744380238171944,2.5787377213826423e-28,0.1521117486982866,0.15204997073550333,-6.177796278325487e-05,6.177796278325487e-05,9.7326567983553,9.73362047213286
12.0,3.0500000000000003,2.510495662816609e-06,8.24875453828118e-06,4.859949130600825e-07,2.5141137253135342e-06,8.260642433521681e-06,4.866953165679167e-07,2.5265532488325206e-06,8.301515069790717e-06,4.891034247517548e-07,1.1887895240501105e-08,1.1887895240501105e-08,4.087263626903561e-08,4.087263626903561e-08,5.276053150953672e-08,5.276053150953672e-08,0.006396181540459634,1.4779687035454037,1.0,0.3906686474340275,1.001441174565849,1.0,0.0,0.0,input_tied,0.227581165405446,1.0575838690694015e-28,0.14464355018632655,0.5733931109425972,3.655827956749699e-28,0.03820530811702282,0.0381828854820091,-2.242263501372327e-05,2.242263501372327e-05,11.590529892754075,11.590911583713167
12.8,3.0500000000000003,6.987840444124497e-07,2.0494081982394568e-06,2.0546695572333468e-07,6.994671116439743e-07,2.051411511846041e-06,2.056678013862229e-07,7.035088393386934e-07,2.0632651738448256e-06,2.0685621072661486e-07,2.0033136065842143e-09,2.0033136065842143e-09,1.18536619987846e-08,1.18536619987846e-08,1.3856975605368814e-08,1.3856975605368814e-08,0.0067614522169242046,1.5781226258875372,1.0,0.4562359290923607,1.0009775083403614,1.0,0.0,0.0,input_tied,0.15436192989010672,1.3010580569583345e-28,0.10063809092004923,0.5338320558240495,6.464043808183648e-28,0.002360310270391981,0.002360636181463379,3.2591107139825007e-07,3.2591107139825007e-07,12.208729389421716,12.20872369559427
13.600000000000001,3.0500000000000003,2.2326174268397465e-07,5.624651764779447e-07,8.96485457214287e-08,2.2347363977268402e-07,5.629990105865711e-07,8.973363090269188e-08,2.2477459015833753e-07,5.662765057788013e-07,9.025601466950971e-08,5.338341086264202e-10,5.338341086264202e-10,3.277495192230136e-09,3.277495192230136e-09,3.811329300856556e-09,3.811329300856556e-09,0.0067761160339248235,1.5835144599575646,1.0,0.4596467185984162,1.0009490971725026,1.0,0.0,0.0,input_tied,0.14987541809267774,2.3076396417806824e-28,0.09808481357269962,0.5280185854825669,1.1763490991754191e-27,0.00017781460367511482,0.0001778443403231459,2.9736648031090203e-08,2.9736648031090203e-08,12.246888442048391,12.246887921723152
14.4,3.0500000000000003,1.1131574868254139e-07,2.794023168151319e-07,4.078617618956065e-08,1.1143177717768294e-07,2.796935481165677e-07,4.082868911968834e-08,1.1206019112391215e-07,2.8127086592265927e-07,4.1058940474363926e-08,2.912313014358152e-10,2.912313014358152e-10,1.5773178060915568e-09,1.5773178060915568e-09,1.868549107527372e-09,1.868549107527372e-09,0.006687665044537579,1.5609164733916419,1.0,0.4452731317042589,1.001042336744933,1.0,0.0,0.0,input_tied,0.16459922120332915,3.666662934678352e-28,0.10740742647090296,0.5324752357596022,1.7068945114664225e-27,4.3878124893673016e-05,4.3877752229863956e-05,-3.7266380905926367e-10,3.7266380905926367e-10,12.249232144847419,12.249232151368833
15.200000000000001,3.0500000000000003,4.968291868509314e-08,1.468748991201615e-07,1.1756682147134828e-08,4.973910134154167e-08,1.470409888390543e-07,1.1769976890107431e-08,5.0011077193132053e-08,1.478450161953908e-07,1.1834335702421004e-08,1.660897188928053e-10,1.660897188928053e-10,8.040273563364944e-10,8.040273563364944e-10,9.701170752292997e-10,9.701170752292997e-10,0.006605056963720031,1.5399344597018174,1.0,0.4317398568847099,1.0011308243946906,1.0,0.0,0.0,input_tied,0.17857263076317517,5.8067991882638405e-28,0.11619019864791928,0.5368992638035482,2.498833488468189e-27,1.2125120581493763e-05,1.2123027742287296e-05,-2.0928392064671554e-09,2.0928392064671554e-09,12.249787811308686,12.249787847933053
16.0,3.0500000000000003,2.0144386751795708e-08,5.6026964667139175e-08,5.2311242070818925e-09,2.0168885186736602e-08,5.609510141241445e-08,5.23748599697572e-09,2.0275862315089134e-08,5.6392633616509224e-08,5.265265976213815e-09,6.813674527527414e-11,6.813674527527414e-11,2.9753220409477583e-10,2.9753220409477583e-10,3.6566894937004997e-10,3.6566894937004997e-10,0.00652666000277758,1.520124718640573,1.0,0.4187923832293445,1.0012161420073367,1.0,0.0,0.0,input_tied,0.1920454481273498,1.0131965924571798e-27,0.12459912372608362,0.5413065708996393,4.065825513687288e-27,1.7643517201671897e-06,1.7637724303484021e-06,-5.792898187875592e-10,5.792898187875592e-10,12.249969123864352,12.249969134001908
16.8,3.0500000000000003,9.368112729891527e-09,2.4957619463042163e-08,2.2282514265782826e-09,9.380284732859307e-09,2.499004693556857e-08,2.2311465970100736e-09,9.428561284395026e-09,2.5118660652862124e-08,2.242629410884261e-09,3.24274725264058e-11,3.24274725264058e-11,1.2861371729355567e-10,1.2861371729355567e-10,1.6104118981996147e-10,1.6104118981996147e-10,0.006452586155439829,1.5013415333766713,1.0,0.40635906399495303,1.0012993015048741,1.0,0.0,0.0,input_tied,0.20517746961355623,1.6370210552937433e-27,0.13268580337603814,0.5463407869798484,6.168787517735957e-27,3.501041778125648e-07,3.4993771607632285e-07,-1.6646173624194535e-10,1.6646173624194535e-10,12.249993873177651,12.24999387609073
17.6,3.0500000000000003,3.3413821856759894e-09,7.372803068620281e-09,8.491207497756073e-10,3.3448381799766276e-09,7.3804287648049646e-09,8.499989960547544e-10,3.3636713602825336e-09,7.4219844210679645e-09,8.547849329196134e-10,7.625696184683789e-12,7.625696184683789e-12,4.155565626299994e-11,4.155565626299994e-11,4.918135244768373e-11,4.918135244768373e-11,0.0066706450708017275,1.559816346703205,1.0,0.44456808785883606,1.0010343008098426,1.0,0.0,0.0,input_tied,0.16333023719795575,2.2310244685083033e-27,0.10702376707827714,0.5261118315756542,1.0423032796427978e-26,5.6207073804593766e-08,5.546228976920903e-08,-7.447840353847369e-10,7.447840353847369e-10,12.249999016376224,12.249999029409944
18.4,3.0500000000000003,1.7949803590232282e-09,1.996930012438708e-09,3.8732741948561017e-10,1.7966016795096533e-09,1.9987337444532942e-09,3.876772739433536e-10,1.8071485938700737e-09,2.0104672710732764e-09,3.899531256551686e-10,1.8037320145863918e-12,1.8037320145863918e-12,1.1733526619982158e-11,1.1733526619982158e-11,1.353725863456855e-11,1.353725863456855e-11,0.006779035093992335,1.5896510516836373,1.0,0.463514527796402,1.0009032524942543,1.0,0.0,0.0,input_tied,0.1426359166813971,3.1770480497800524e-27,0.09421603304878111,0.5139240325215796,1.686044268142297e-26,5.6207073804593766e-08,5.546228976920903e-08,-7.447840353847369e-10,7.447840353847369e-10,12.249999016376224,12.249999029409944
19.200000000000003,3.0500000000000003,1.8603064690849132e-09,2.063041699959558e-09,3.88760954464617e-10,1.8621348956954406e-09,2.065069387550565e-09,3.8914305326720124e-10,1.8727791821255294e-09,2.076873682776388e-09,3.913674625357405e-10,2.0276875910069583e-12,2.0276875910069583e-12,1.1804295225822897e-11,1.1804295225822897e-11,1.3831982816829855e-11,1.3831982816829855e-11,0.006704654984482866,1.5704009692603986,1.0,0.4513309811859851,1.000982863114714,1.0,0.0,0.0,input_tied,0.15520752196237864,3.447517208295368e-27,0.10217329191624851,0.5190615771644347,1.6870931452033958e-26,5.6207073804593766e-08,5.546228976920903e-08,-7.447840353847369e-10,7.447840353847369e-10,12.249999016376224,12.249999029409944
20.0,3.0500000000000003,0.0,0.0,0.0,1e-30,1e-30,1e-30,1.0055641423643005e-30,1.0055641423643005e-30,1.0055641423643005e-30,1e-30,1e-30,5.564142364300414e-33,5.564142364300414e-33,1.0055641423643005e-30,1.0055641423643005e-30,1.0055641423643005,1.5516627094173834,1.0,0.43932707173589636,1.000696715514015,1.0,0.0,0.0,input_tied,0.11002090405486509,0.0,0.11002090405486509,0.0,0.0,5.6207073804593766e-08,5.546228976920903e-08,-7.447840353847369e-10,7.447840353847369e-10,12.249999016376224,12.249999029409944
4.0,3.24,0.00018832780181246675,0.001532466087052544,0.0003183526610020889,0.0001884879533677223,0.0015337692766233659,0.00031862338403548356,0.0001890789743796535,0.0015385785488009382,0.00031962245645095097,1.3031895708219554e-06,1.3031895708219554e-06,4.809272177572297e-06,4.809272177572297e-06,6.112461748394252e-06,6.112461748394252e-06,0.003988644055510948,1.280917082806759,1.0,0.24757629233153006,1.000850387216939,1.0,0.0,0.0,input_tied,0.13428776670290524,4.4393574201171556e-30,0.07718149434815945,0.7398959146494888,2.8759208781910693e-29,3.021949299961463,3.021911994263705,-3.730569775806103e-05,3.730569775806103e-05,16.44199707278425,16.44124073210293
4.8,3.24,0.00019777557664767852,0.0015696901327571409,0.0001510680352658912,0.0001979313026568803,0.0015709260870857846,0.0001511869843426613,0.00019870263213318866,0.001577047916123466,0.00015177615329114145,1.2359543286437086e-06,1.2359543286437086e-06,6.121829037681378e-06,6.121829037681378e-06,7.357783366325086e-06,7.357783366325086e-06,0.0046874113640513445,1.3602809677586774,1.0,0.30769127235057525,1.00078738746129,1.0,0.0,0.0,input_tied,0.12433924405295776,4.257564814817398e-30,0.07111786048012514,0.7483546779040979,2.99331615579692e-29,13.936390873127614,13.935830717749734,-0.0005601553778795676,0.0005601553778795676,982.2568507739832,982.1690736504863
5.6,3.24,0.00015726508360014907,0.001302111816443075,5.950118924654633e-05,0.00015745730655103034,0.0013037033698254548,5.957391673262326e-05,0.00015817135283535032,0.0013096154774784434,5.98440758939673e-05,1.591553382379856e-06,1.591553382379856e-06,5.912107652988581e-06,5.912107652988581e-06,7.503661035368437e-06,7.503661035368437e-06,0.005762685616252127,1.4305484675437201,1.0,0.35805791447458585,1.0012222862601212,1.0,0.0,0.0,input_tied,0.19301570963654116,7.356413310561257e-30,0.1092096338293002,0.7673872063176571,3.3680239794868636e-29,58.026376338327395,58.01984527327952,-0.0065310650478735965,0.0065310650478735965,20040.91560756178,20036.292992313207
6.4,3.24,0.00010403825274016762,0.0006722686191245088,2.722556200534418e-05,0.00010418703332584489,0.0006732300012724347,2.7264496098851732e-05,0.0001047021665388643,0.0006765586605363173,2.739930027772523e-05,9.613821479258862e-07,9.613821479258862e-07,3.3286592638826678e-06,3.3286592638826678e-06,4.290041411808554e-06,4.290041411808554e-06,0.006381439338036406,1.4775528482269376,1.0,0.3903872383399466,1.0014300565586087,1.0,0.0,0.0,input_tied,0.225825480074416,1.1823810294105778e-29,0.1316552460415761,0.7152790098702286,4.49044403835297e-29,59.89617665014505,59.88746189520348,-0.008714754941571812,0.008714754941571812,21386.266766781093,21379.894993392994
7.2,3.24,7.600629932787529e-05,0.00012096532120601364,1.7567907408103097e-05,7.611669146172688e-05,0.00012114101216910567,1.7593423171970534e-05,7.650250697863489e-05,0.0001217550441420046,1.768259961310222e-05,1.756909630920312e-07,1.756909630920312e-07,6.140319728989289e-07,6.140319728989289e-07,7.897229359909601e-07,7.897229359909601e-07,0.006528506915184382,1.4921401916441892,1.0,0.40021145959540433,1.001452407692886,1.0,0.0,0.0,input_tied,0.22935502972612595,2.335742954913375e-29,0.14069871838435052,0.6301145622349632,8.300512548141207e-29,3.5328048721072967,3.532312101089357,-0.0004927710179396527,0.0004927710179396527,28.43035389052889,28.417218102825675
8.0,3.24,6.313933331610834e-05,8.591081622320735e-05,1.349296735180378e-05,6.323697016987964e-05,8.604366624490403e-05,1.3513832489445849e-05,6.354325239642989e-05,8.646041052609333e-05,1.3579285446679179e-05,1.328500216966845e-07,1.328500216966845e-07,4.167442811892964e-07,4.167442811892964e-07,5.495943028859809e-07,5.495943028859809e-07,0.0063972655254265565,1.4658274448318904,1.0,0.38241989178356733,1.0015463713131478,1.0,0.0,0.0,input_tied,0.24419316988738235,2.95994806515593e-29,0.1520636193182569,0.6058618819029009,9.732597706230434e-29,2.3263362622561985,2.3255724576498307,-0.0007638046063678239,0.0007638046063678239,5.363117942317404,5.3542773397496735
8.8,3.24,2.2146858517965734e-05,5.848230688563102e-05,7.047750078199941e-06,2.2172601474981936e-05,5.85502852632932e-05,7.055942207443773e-06,2.229535408673664e-05,5.887443308343788e-05,7.0950055232811705e-06,6.797837766217546e-08,6.797837766217546e-08,3.2414782014468025e-07,3.2414782014468025e-07,3.921261978068557e-07,3.921261978068557e-07,0.006705039843481282,1.5482467554553723,1.0,0.43712316521321565,1.0011623751059464,1.0,0.0,0.0,input_tied,0.1835549193818331,2.8754741725005474e-29,0.11517223325097901,0.5937428163074436,1.248336552715107e-28,1.5836853777244484,1.5837193320675103,3.3954343061859404e-05,3.3954343061859404e-05,0.2108769874360832,0.21095495609582585
9.600000000000001,3.24,1.0975147166603606e-05,4.3579838244340494e-05,3.956029584143238e-06,1.098778297666713e-05,4.363001220103514e-05,3.960584205386316e-06,1.1048592193813182e-05,4.38714719105736e-05,3.982503097075567e-06,5.0173956694644873e-08,5.0173956694644873e-08,2.414597095384618e-07,2.414597095384618e-07,2.916336662331067e-07,2.916336662331067e-07,0.006691940080135101,1.5480056645464257,1.0,0.4369674344285572,1.0011513112190398,1.0,0.0,0.0,input_tied,0.18180778039134546,3.492889648854492e-29,0.11485685465158924,0.5829075325355851,1.5205403540998682e-28,0.9999999967825182,0.9999999967816027,-9.15489906105904e-13,9.15489906105904e-13,1.0000000160874087,1.000000016091986
10.4,3.24,7.4220666618838015e-06,2.9967976024684562e-05,2.109988140687129e-06,7.431357056129348e-06,3.0005487721182815e-05,2.1126292678250837e-06,7.470948998366569e-06,3.0165347559390546e-05,2.1238846947018484e-06,3.751169649825287e-08,3.751169649825287e-08,1.5985983820773075e-07,1.5985983820773075e-07,1.9737153470598362e-07,1.9737153470598362e-07,0.006586081573991153,1.5229622419775668,1.0,0.42065728173279693,1.001251726058088,1.0,0.0,0.0,input_tied,0.19766465618982534,4.717225149881393e-29,0.12533762689732517,0.5770575930223208,1.8818072699532112e-28,0.49525462056597236,0.4951524350973393,-0.00010218546863305367,0.00010218546863305367,5.116026260045139,5.117181973189215
11.2,3.24,4.558508231890119e-06,1.6473387158152945e-05,7.956066254573462e-07,4.564660555720592e-06,1.6495620223714323e-05,7.966804042798215e-07,4.588078955220553e-06,1.658024886579691e-05,8.007676698614502e-07,2.223306556137824e-08,2.223306556137824e-08,8.462864208258776e-08,8.462864208258776e-08,1.06861707643966e-07,1.06861707643966e-07,0.006486929895961221,1.499419168235305,1.0,0.40507781194222237,1.0013496353450526,1.0,0.0,0.0,input_tied,0.2131258710623361,6.981484476061713e-29,0.1353663151635882,0.5744380040542331,2.5787377264516254e-28,0.1521117385339342,0.1520499605701666,-6.177796376760636e-05,6.177796376760636e-05,9.732656956905,9.733620630705765
12.0,3.24,2.5104955036188607e-06,8.248756172977229e-06,4.859947389150256e-07,2.514113566139108e-06,8.260644071404089e-06,4.866951422208157e-07,2.5265530888705192e-06,8.301516715777164e-06,4.891032495420058e-07,1.1887898426859482e-08,1.1887898426859482e-08,4.087264437307585e-08,4.087264437307585e-08,5.276054279993533e-08,5.276054279993533e-08,0.006396181641636818,1.4779687035454037,1.0,0.3906686474340275,1.0014411746665277,1.0,0.0,0.0,input_tied,0.22758118130402002,1.0575838597815327e-28,0.14464355018632655,0.5733932208581378,3.65582792464364e-28,0.038205323287323824,0.038182900651059996,-2.2422636263827456e-05,2.2422636263827456e-05,11.590529634518637,11.590911325494755
12.8,3.24,6.98784889936532e-07,2.049406352410618e-06,2.054668547155631e-07,6.994679578930634e-07,2.051409663915208e-06,2.0566770024987086e-07,7.035096904776599e-07,2.063263315236102e-06,2.0685610900586711e-07,2.003311504590217e-09,2.003311504590217e-09,1.1853651320894143e-08,1.1853651320894143e-08,1.385696282548436e-08,1.385696282548436e-08,0.00676145207083265,1.5781226258875372,1.0,0.4562359290923607,1.0009775081951091,1.0,0.0,0.0,input_tied,0.15436190695279448,1.301058162325801e-28,0.10063809092004923,0.5338318279052563,6.464044331680594e-28,0.0023603060191225394,0.002360631928922003,3.2590979946343565e-07,3.2590979946343565e-07,12.208729463693501,12.20872376988826
13.600000000000001,3.24,2.2326211527453968e-07,5.624656224767778e-07,8.96480182022092e-08,2.234740128717314e-07,5.629994573988343e-07,8.973310294498648e-08,2.2477496542937866e-07,5.662769551921793e-07,9.025548363830186e-08,5.338349220565116e-10,5.338349220565116e-10,3.277497793344968e-09,3.277497793344968e-09,3.81133271540148e-09,3.81133271540148e-09,0.00677611673157649,1.5835144599575646,1.0,0.4596467185984162,1.0009490978661164,1.0,0.0,0.0,input_tied,0.14987552762378947,2.3076401541700846e-28,0.09808481357269962,0.5280197021805321,1.176349360372532e-27,0.0001778148857386508,0.0001778446226803331,2.97369416823155e-08,2.97369416823155e-08,12.246888437112904,12.246887916782528
14.4,3.24,1.1132169039458345e-07,2.7939305690538995e-07,4.0783819388463294e-08,1.1143772509491158e-07,2.796842785848027e-07,4.082632986637827e-08,1.1206617258412317e-07,2.8126154411583245e-07,4.1056567916162555e-08,2.9122167941274374e-10,2.9122167941274374e-10,1.5772655310297534e-09,1.5772655310297534e-09,1.868487210442497e-09,1.868487210442497e-09,0.0066876651522346795,1.5609164733916419,1.0,0.4452731317042589,1.0010423368520263,1.0,0.0,0.0,input_tied,0.16459923811479868,3.666678742696876e-28,0.10740742647090296,0.5324753932111872,1.7069018703702914e-27,4.3875216573652976e-05,4.3874843943931985e-05,-3.7262972099079547e-10,3.7262972099079547e-10,12.249232195741424,12.24923220226224
15.200000000000001,3.24,4.968072209073952e-08,1.4686514252036288e-07,1.1760469559737243e-08,4.973689990018911e-08,1.470312142206942e-07,1.1773768026228088e-08,5.000886371418994e-08,1.4783518812893694e-07,1.1838147568660362e-08,1.6607170033130998e-10,1.6607170033130998e-10,8.03973908242744e-10,8.03973908242744e-10,9.70045608574054e-10,9.70045608574054e-10,0.006605009139180572,1.5399344597018174,1.0,0.4317398568847099,1.0011307768302358,1.0,0.0,0.0,input_tied,0.17856511968550137,5.806794204246027e-28,0.11619019864791928,0.5368346191281693,2.4988313437013022e-27,1.212350973633273e-05,1.2121416023370699e-05,-2.093712962031652e-09,2.093712962031652e-09,12.249787839498232,12.249787876137894
16.0,3.24,2.0144352772881984e-08,5.603548854462583e-08,5.229405086067076e-09,2.0168852459141127e-08,5.6103639251883555e-08,5.235765120830917e-09,2.0275829413904285e-08,5.640121674125515e-08,5.263535972425787e-09,6.815070725772678e-11,6.815070725772678e-11,2.9757748937159245e-10,2.9757748937159245e-10,3.657281966293192e-10,3.657281966293192e-10,0.006526724512057367,1.520124718640573,1.0,0.4187923832293445,1.0012162061762602,1.0,0.0,0.0,input_tied,0.19205558127757857,1.013193892059646e-27,0.12459912372608362,0.541387896914829,4.0658146773448926e-27,1.7648886138578105e-06,1.764309373913262e-06,-5.792399445484771e-10,5.792399445484771e-10,12.24996911446872,12.249969124605407
16.8,3.24,9.360227759608055e-09,2.489703116263711e-08,2.252880423405211e-09,9.372372926417347e-09,2.492933578217118e-08,2.255803601050708e-09,9.42060875906848e-09,2.505763704358421e-08,2.267413314604402e-09,3.230461953406972e-11,3.230461953406972e-11,1.2830126141303158e-10,1.2830126141303158e-10,1.606058809471013e-10,1.606058809471013e-10,0.006450804511508264,1.5013415333766713,1.0,0.40635906399495303,1.0012975289833974,1.0,0.0,0.0,input_tied,0.20489756424128608,1.6369417841909188e-27,0.13268580337603814,0.5442312517835555,6.168488800387125e-27,3.484063821364904e-07,3.482394947147154e-07,-1.6688742177499157e-10,1.6688742177499157e-10,12.249993902889068,12.249993905809594
17.6,3.24,3.443625237570766e-09,7.055660566339771e-09,8.706382092728511e-10,3.4471571841998228e-09,7.062897189036447e-09,8.715311774317609e-10,3.4665664737676933e-09,7.102664977218095e-09,8.764383516876186e-10,7.236622696676115e-12,7.236622696676115e-12,3.976778818164819e-11,3.976778818164819e-11,4.7004410878324303e-11,4.7004410878324303e-11,0.0066619433342027315,1.559816346703205,1.0,0.44456808785883606,1.0010256477942263,1.0,0.0,0.0,input_tied,0.1619638077418306,2.2353627021496397e-27,0.10702376707827714,0.5133442987796378,1.0443300414358878e-26,5.6207073804593766e-08,5.546228976920903e-08,-7.447840353847369e-10,7.447840353847369e-10,12.249999016376224,12.249999029409944
18.4,3.24,1.7949803590232282e-09,1.996930012438708e-09,3.8732741948561017e-10,1.7966016795096533e-09,1.9987337444532942e-09,3.876772739433536e-10,1.8071485938700737e-09,2.0104672710732764e-09,3.899531256551686e-10,1.8037320145863918e-12,1.8037320145863918e-12,1.1733526619982158e-11,1.1733526619982158e-11,1.353725863456855e-11,1.353725863456855e-11,0.006779035093992335,1.5896510516836373,1.0,0.463514527796402,1.0009032524942543,1.0,0.0,0.0,input_tied,0.1426359166813971,3.1770480497800524e-27,0.09421603304878111,0.5139240325215796,1.686044268142297e-26,5.6207073804593766e-08,5.546228976920903e-08,-7.447840353847369e-10,7.447840353847369e-10,12.249999016376224,12.249999029409944
19.200000000000003,3.24,1.8603064690849132e-09,2.063041699959558e-09,3.88760954464617e-10,1.8621348956954406e-09,2.065069387550565e-09,3.8914305326720124e-10,1.8727791821255294e-09,2.076873682776388e-09,3.913674625357405e-10,2.0276875910069583e-12,2.0276875910069583e-12,1.1804295225822897e-11,1.1804295225822897e-11,1.3831982816829855e-11,1.3831982816829855e-11,0.006704654984482866,1.5704009692603986,1.0,0.4513309811859851,1.000982863114714,1.0,0.0,0.0,input_tied,0.15520752196237864,3.447517208295368e-27,0.10217329191624851,0.5190615771644347,1.6870931452033958e-26,5.6207073804593766e-08,5.546228976920903e-08,-7.447840353847369e-10,7.447840353847369e-10,12.249999016376224,12.249999029409944
20.0,3.24,0.0,0.0,0.0,1e-30,1e-30,1e-30,1.0055641423643005e-30,1.0055641423643005e-30,1.0055641423643005e-30,1e-30,1e-30,5.564142364300414e-33,5.564142364300414e-33,1.0055641423643005e-30,1.0055641423643005e-30,1.0055641423643005,1.5516627094173834,1.0,0.43932707173589636,1.000696715514015,1.0,0.0,0.0,input_tied,0.11002090405486509,0.0,0.11002090405486509,0.0,0.0,5.6207073804593766e-08,5.546228976920903e-08,-7.447840353847369e-10,7.447840353847369e-10,12.249999016376224,12.249999029409944
4.0,3.43,0.00018994498691173587,0.0015354741071221191,0.0003168764885594256,0.0001901065671092272,0.0015367802864191115,0.0003171460453739236,0.00019070266343082322,0.0015415989998900112,0.00031814048546050677,1.306179296992364e-06,1.306179296992364e-06,4.818713470899731e-06,4.818713470899731e-06,6.124892767892095e-06,6.124892767892095e-06,0.003988926117010042,1.280917082806759,1.0,0.24757629233153006,1.0008506683967733,1.0,0.0,0.0,input_tied,0.13433216884257107,4.439148763082039e-30,0.07718149434815945,0.7404712098033445,2.8757857052219016e-29,3.0620637760588956,3.062025627293725,-3.814876517038712e-05,3.814876517038712e-05,17.265349973044717,17.26455741113188
4.8,3.43,0.00019791081378615956,0.0015697730721252953,0.00015100852794394307,0.00019806664378445727,0.0015710090719702628,0.00015112742826172898,0.0001988385006791156,0.0015771312243963453,0.00015171636512281266,1.2359998449674916e-06,1.2359998449674916e-06,6.122152426082505e-06,6.122152426082505e-06,7.3581522710499964e-06,7.3581522710499964e-06,0.004687398708583967,1.3602809677586774,1.0,0.30769127235057525,1.000787374854949,1.0,0.0,0.0,input_tied,0.12433725333939004,4.257510963957158e-30,0.07111786048012514,0.7483266861513331,2.993278295504248e-29,13.948701809710291,13.948140720010302,-0.0005610896999890258,0.0005610896999890258,984.1869819314145,984.0989720573791
5.6,3.43,0.00015727283647164777,0.0013021069688296935,5.94992944999995e-05,0.00015746506806110455,0.001303698509351734,5.957201935325383e-05,0.00015817914954275865,0.001309610594963172,5.984216991025477e-05,1.5915405220405434e-06,1.5915405220405434e-06,5.912085611437922e-06,5.912085611437922e-06,7.5036261334784655e-06,7.5036261334784655e-06,0.0057626802659865705,1.4305484675437201,1.0,0.35805791447458585,1.0012222809340088,1.0,0.0,0.0,input_tied,0.19301486857055372,7.356409661651264e-30,0.1092096338293002,0.767379504927606,3.368022308887913e-29,58.02937329552027,58.022841469573706,-0.0065318259465669826,0.0065318259465669826,20043.03699902115,20038.41360055297
6.4,3.43,0.00010403864280038917,0.0006722681091982096,2.7225488732385953e-05,0.00010418742386838062,0.0006732294901290912,2.726442270135328e-05,0.00010470255901236422,0.0006765581468657216,2.7399226517326638e-05,9.613809308816256e-07,9.613809308816256e-07,3.3286567366303888e-06,3.3286567366303888e-06,4.2900376675120144e-06,4.2900376675120144e-06,0.006381438608814258,1.4775528482269376,1.0,0.3903872383399466,1.0014300558329745,1.0,0.0,0.0,input_tied,0.22582536548684487,1.1823810294351626e-29,0.1316552460415761,0.715278139509384,4.490444038446338e-29,59.89632911739576,59.88761428439783,-0.00871483299793141,0.00871483299793141,21386.378251316768,21380.00640425311
7.2,3.43,7.600632288932138e-05,0.00012096530974034708,1.7567903147612367e-05,7.61167150526352e-05,0.0001211410006792129,1.7593418904191943e-05,7.650253068911934e-05,0.00012175503259387258,1.768259532369138e-05,1.7569093886581825e-07,1.7569093886581825e-07,6.14031914659681e-07,6.14031914659681e-07,7.897228535254993e-07,7.897228535254993e-07,0.006528506852259091,1.4921401916441892,1.0,0.40021145959540433,1.001452407630278,1.0,0.0,0.0,input_tied,0.2293550198394823,2.3357429102404305e-29,0.14069871838435052,0.6301144919667779,8.300512389387293e-29,3.5328051790730988,3.5323124076863834,-0.0004927713867153294,0.0004927713867153294,28.430362074256458,28.417226274833133
8.0,3.43,6.31393350830356e-05,8.59108152869024e-05,1.3492967036065942e-05,6.323697193919676e-05,8.604366530668522e-05,1.3513832173146577e-05,6.354325417431652e-05,8.646040958333034e-05,1.3579285128847943e-05,1.328500197828237e-07,1.328500197828237e-07,4.167442766451205e-07,4.167442766451205e-07,5.495942964279442e-07,5.495942964279442e-07,0.0063972655199761915,1.4658274448318904,1.0,0.38241989178356733,1.0015463713077237,1.0,0.0,0.0,input_tied,0.2441931690308677,2.959948060813785e-29,0.1520636193182569,0.6058618762702935,9.732597691953039e-29,2.3263362593392602,2.3255724547040346,-0.0007638046352256289,0.0007638046352256289,5.363117908541583,5.354277305667827
8.8,3.43,2.2146858575592215e-05,5.848230682026327e-05,7.047750060653474e-06,2.2172601532667173e-05,5.8550285197827736e-05,7.055942189874292e-06,2.2295354144741235e-05,5.887443301760999e-05,7.095005505614421e-06,6.797837756446852e-08,6.797837756446852e-08,3.241478197822518e-07,3.241478197822518e-07,3.921261973467203e-07,3.921261973467203e-07,0.006705039843107801,1.5482467554553723,1.0,0.43712316521321565,1.001162375105575,1.0,0.0,0.0,input_tied,0.18355491932319304,2.875474172588652e-29,0.11517223325097901,0.5937428157982927,1.2483365527533563e-28,1.5836853755720006,1.5837193299140777,3.395434207709158e-05,3.395434207709158e-05,0.21087698249391848,0.21095495115048601
9.600000000000001,3.43,1.0975147156171564e-05,4.357983827228935e-05,3.956029587034062e-06,1.0987782966225219e-05,4.363001222902468e-05,3.9605842082812405e-06,1.1048592183313484e-05,4.3871471938718046e-05,3.982503099986513e-06,5.017395673532956e-08,5.017395673532956e-08,2.414597096933672e-07,2.414597096933672e-07,2.9163366642869675e-07,2.9163366642869675e-07,0.006691940080331477,1.5480056645464257,1.0,0.4369674344285572,1.001151311219235,1.0,0.0,0.0,input_tied,0.18180778042217158,3.4928896486874515e-29,0.11485685465158924,0.5829075328039723,1.5205403540271514e-28,0.9999999979728135,0.9999999979722638,-5.49671419491915e-13,5.49671419491915e-13,1.000000010135932,1.0000000101386806
10.4,3.43,7.422066626525578e-06,2.9967976184084518e-05,2.109988133026544e-06,7.431357020744175e-06,3.0005487880852185e-05,2.1126292601598306e-06,7.470948962792876e-06,3.0165347719910584e-05,2.1238846869957574e-06,3.751169676766695e-08,3.751169676766695e-08,1.5985983905839916e-07,1.5985983905839916e-07,1.973715358260661e-07,1.973715358260661e-07,0.006586081576335701,1.5229622419775668,1.0,0.42065728173279693,1.0012517260604201,1.0,0.0,0.0,input_tied,0.19766465655808527,4.717225148370761e-29,0.12533762689732517,0.5770575959604645,1.881807269350586e-28,0.49525462590142705,0.4951524404339426,-0.00010218546748447244,0.00010218546748447244,5.116026199704791,5.11718191282906
11.2,3.43,4.558508207901971e-06,1.647338744732148e-05,7.95606596944386e-07,4.5646605317431365e-06,1.649562051342877e-05,7.966803757358961e-07,4.588078931120084e-06,1.65802491569977e-05,8.00767641171084e-07,2.2233066107290976e-08,2.2233066107290976e-08,8.462864356893068e-08,8.462864356893068e-08,1.0686170967622166e-07,1.0686170967622166e-07,0.0064869299054577285,1.499419168235305,1.0,0.40507781194222237,1.0013496353545006,1.0,0.0,0.0,input_tied,0.21312587255430412,6.981484469577792e-29,0.1353663151635882,0.5744380150759414,2.5787377240566718e-28,0.15211174390357135,0.15204996594047246,-6.177796309889128e-05,6.177796309889128e-05,9.73265687314616,9.733620546932348
12.0,3.43,2.5104956379856614e-06,8.248755073982043e-06,4.859948363192252e-07,2.514113700540523e-06,8.260642970302526e-06,4.866952397346057e-07,2.5265532239369357e-06,8.301515609227488e-06,4.89103347538282e-07,1.188789632048336e-08,1.188789632048336e-08,4.087263892496163e-08,4.087263892496163e-08,5.276053524544499e-08,5.276053524544499e-08,0.006396181577976605,1.4779687035454037,1.0,0.3906686474340275,1.001441174603181,1.0,0.0,0.0,input_tied,0.22758117130069627,1.0575838665401858e-28,0.14464355018632655,0.5733931516996877,3.6558279480067733e-28,0.03820531309156795,0.03818289045647142,-2.242263509653203e-05,2.242263509653203e-05,11.59052980807521,11.590911499034316
12.8,3.43,6.987847108646833e-07,2.0494076607145626e-06,2.054665518246095e-07,6.994677788384973e-07,2.05141097406209e-06,2.0566739711938953e-07,7.035095103884636e-07,2.0632646329533998e-06,2.0685580412380825e-07,2.003313347527234e-09,2.003313347527234e-09,1.1853658891309978e-08,1.1853658891309978e-08,1.3856972238837212e-08,1.3856972238837212e-08,0.006761452347653337,1.5781226258875372,1.0,0.4562359290923607,1.0009775084703396,1.0,0.0,0.0,input_tied,0.1543619504154638,1.3010581429611718e-28,0.10063809092004923,0.5338322597762198,6.46404423547135e-28,0.002360309033937482,0.002360634945451335,3.259115138533504e-07,3.259115138533504e-07,12.208729411023189,12.208723717188011
13.600000000000001,3.43,2.2326033684335225e-07,5.624696091711972e-07,8.964812133016587e-08,2.2347223301608087e-07,5.630034485407184e-07,8.973320627660444e-08,2.2477317521230968e-07,5.662809695684706e-07,9.025558757146418e-08,5.338393695211623e-10,5.338393695211623e-10,3.277521027752208e-09,3.277521027752208e-09,3.8113603972733704e-09,3.8113603972733704e-09,0.00677611791842307,1.5835144599575646,1.0,0.4596467185984162,1.0009490990460939,1.0,0.0,0.0,input_tied,0.1498757139583726,2.307639112899266e-28,0.09808481357269962,0.5280216019097187,1.1763488295712893e-27,0.0001778174063980317,0.0001778471441805538,2.973778252211021e-08,2.973778252211021e-08,12.246888393006971,12.246887872661882
14.4,3.43,1.1131990432277677e-07,2.793916789710462e-07,4.078605998630762e-08,1.1143593643317576e-07,2.796828973864423e-07,4.082857253286307e-08,1.1206437383531875e-07,2.8126015512827287e-07,4.1058823230053074e-08,2.9121841539611014e-10,2.9121841539611014e-10,1.5772577418305493e-09,1.5772577418305493e-09,1.8684761572266594e-09,1.8684761572266594e-09,0.006687658573469157,1.5609164733916419,1.0,0.4452731317042589,1.0010423303101532,1.0,0.0,0.0,input_tied,0.16459820506362946,3.6666715686053533e-28,0.10740742647090296,0.5324657751502841,1.706898530707589e-27,4.38747837652474e-05,4.387441056576268e-05,-3.731994847161989e-10,3.731994847161989e-10,12.249232203315335,12.24923220984612
15.200000000000001,3.43,4.968179652929179e-08,1.4686541744463403e-07,1.1759266312241004e-08,4.973797615209511e-08,1.470314912247967e-07,1.1772563559764572e-08,5.000994585109428e-08,1.4783546664771148e-07,1.1836936516115005e-08,1.6607378016266374e-10,1.6607378016266374e-10,8.039754229147895e-10,8.039754229147895e-10,9.700492030774532e-10,9.700492030774532e-10,0.00660502124976526,1.5399344597018174,1.0,0.4317398568847099,1.0011307888749594,1.0,0.0,0.0,input_tied,0.17856702171204916,5.806802769936878e-28,0.11619019864791928,0.5368509890678882,2.4988350297655963e-27,1.2123555127068707e-05,1.2121461697936823e-05,-2.0934291318840212e-09,2.0934291318840212e-09,12.2497878387039,12.249787875338596
16.0,3.43,2.01636996184475e-08,5.5960813627127475e-08,5.232906218205755e-09,2.0188216665932444e-08,5.602885639462324e-08,5.2392689102049275e-09,2.029529632975543e-08,5.632603723067236e-08,5.26705834613513e-09,6.804276749576388e-11,6.804276749576388e-11,2.9718083604912403e-10,2.9718083604912403e-10,3.652236035448879e-10,3.652236035448879e-10,0.006526416967029992,1.520124718640573,1.0,0.4187923832293445,1.0012159002538659,1.0,0.0,0.0,input_tied,0.19200727194944914,1.01328673996891e-27,0.12459912372608362,0.5410001788740852,4.0661872638707335e-27,1.7601878394377281e-06,1.7596090669963262e-06,-5.787724414019067e-10,5.787724414019067e-10,12.249969196732172,12.24996920686068
16.8,3.43,9.321563122595514e-09,2.5076341003148622e-08,2.2388510529368596e-09,9.333676468475932e-09,2.510892763995958e-08,2.24176043378021e-09,9.381713146026846e-09,2.523815318840918e-08,2.2532978728019716e-09,3.258663681095829e-11,3.258663681095829e-11,1.2922554844960111e-10,1.2922554844960111e-10,1.618121852605594e-10,1.618121852605594e-10,0.006452782933532529,1.5013415333766713,1.0,0.40635906399495303,1.0012994972754146,1.0,0.0,0.0,input_tied,0.20520838445815265,1.6362505881267425e-27,0.13268580337603814,0.5465737798382388,6.165884165804564e-27,3.534429391742062e-07,3.5327502812116427e-07,-1.6791105304191784e-10,1.6791105304191784e-10,12.249993814749343,12.249993817687786
17.6,3.43,3.4844108883180457e-09,7.139226485334223e-09,8.222198924376399e-10,3.488012973795402e-09,7.1466068158597066e-09,8.230698801195383e-10,3.5076523027285846e-09,7.186845932820349e-09,8.277041920421438e-10,7.380330525483494e-12,7.380330525483494e-12,4.023911696064278e-11,4.023911696064278e-11,4.7619447486126275e-11,4.7619447486126275e-11,0.006670113013496443,1.559816346703205,1.0,0.44456808785883606,1.0010337717315236,1.0,0.0,0.0,input_tied,0.16324668849867238,2.237245697086304e-27,0.10702376707827714,0.5253311760113417,1.0452097502090276e-26,5.6207073804593766e-08,5.546228976920903e-08,-7.447840353847369e-10,7.447840353847369e-10,12.249999016376224,12.249999029409944
18.4,3.43,1.7949803590232282e-09,1.996930012438708e-09,3.8732741948561017e-10,1.7966016795096533e-09,1.9987337444532942e-09,3.876772739433536e-10,1.8071485938700737e-09,2.0104672710732764e-09,3.899531256551686e-10,1.8037320145863918e-12,1.8037320145863918e-12,1.1733526619982158e-11,1.1733526619982158e-11,1.353725863456855e-11,1.353725863456855e-11,0.006779035093992335,1.5896510516836373,1.0,0.463514527796402,1.0009032524942543,1.0,0.0,0.0,input_tied,0.1426359166813971,3.1770480497800524e-27,0.09421603304878111,0.5139240325215796,1.686044268142297e-26,5.6207073804593766e-08,5.546228976920903e-08,-7.447840353847369e-10,7.447840353847369e-10,12.249999016376224,12.249999029409944
19.200000000000003,3.43,1.8603064690849132e-09,2.063041699959558e-09,3.88760954464617e-10,1.8621348956954406e-09,2.065069387550565e-09,3.8914305326720124e-10,1.8727791821255294e-09,2.076873682776388e-09,3.913674625357405e-10,2.0276875910069583e-12,2.0276875910069583e-12,1.1804295225822897e-11,1.1804295225822897e-11,1.3831982816829855e-11,1.3831982816829855e-11,0.006704654984482866,1.5704009692603986,1.0,0.4513309811859851,1.000982863114714,1.0,0.0,0.0,input_tied,0.15520752196237864,3.447517208295368e-27,0.10217329191624851,0.5190615771644347,1.6870931452033958e-26,5.6207073804593766e-08,5.546228976920903e-08,-7.447840353847369e-10,7.447840353847369e-10,12.249999016376224,12.249999029409944
20.0,3.43,0.0,0.0,0.0,1e-30,1e-30,1e-30,1.0055641423643005e-30,1.0055641423643005e-30,1.0055641423643005e-30,1e-30,1e-30,5.564142364300414e-33,5.564142364300414e-33,1.0055641423643005e-30,1.0055641423643005e-30,1.0055641423643005,1.5516627094173834,1.0,0.43932707173589636,1.000696715514015,1.0,0.0,0.0,input_tied,0.11002090405486509,0.0,0.11002090405486509,0.0,0.0,5.6207073804593766e-08,5.546228976920903e-08,-7.447840353847369e-10,7.447840353847369e-10,12.249999016376224,12.249999029409944
4.0,3.62,0.00019156415950615622,0.0015384232206597922,0.0003154121995091015,0.00019172716903357318,0.001539732325884974,0.00031568059623694495,0.00019232834689896102,0.0015445602957424023,0.0003166704412753226,1.3091052251817687e-06,1.3091052251817687e-06,4.8279698574283086e-06,4.8279698574283086e-06,6.137075082610077e-06,6.137075082610077e-06,0.003989198160944318,1.280917082806759,1.0,0.24757629233153006,1.0008509395903555,1.0,0.0,0.0,input_tied,0.13437499401655179,4.438936185147015e-30,0.07718149434815945,0.7410260730428088,2.875647992200912e-29,3.1023497173965704,3.1023107121587126,-3.900523785782539e-05,3.900523785782539e-05,18.112466002001145,18.111636004564392
4.8,3.62,0.00019804606069698686,0.0015698556981101385,0.00015094906140047544,0.00019820199467906444,0.00157109174314649,0.00015106791298556736,0.00019897437903013444,0.0015772142177384665,0.00015165661791826892,1.2360450363515466e-06,1.2360450363515466e-06,6.1224745919765105e-06,6.1224745919765105e-06,7.358519628328057e-06,7.358519628328057e-06,0.004687386004450325,1.3602809677586774,1.0,0.30769127235057525,1.0007873622001306,1.0,0.0,0.0,input_tied,0.12433525497057753,4.257457134254171e-30,0.07111786048012514,0.7482985867569051,2.993240450086358e-29,13.961014701963862,13.960452676860301,-0.000562025103560515,0.000562025103560515,986.1193146434515,986.0310715477943
5.6,3.62,0.00015728058927339057,0.0013021021200968039,5.949739987029108e-05,0.00015747282950122693,0.0013036936477569558,5.9570122090875164e-05,0.00015818694617989793,0.0013096057113217592,5.984026404406355e-05,1.591527660151906e-06,1.591527660151906e-06,5.912063564803439e-06,5.912063564803439e-06,7.503591224955345e-06,7.503591224955345e-06,0.005762674915541567,1.4305484675437201,1.0,0.35805791447458585,1.0012222756077178,1.0,0.0,0.0,input_tied,0.1930140274764085,7.356406013163351e-30,0.1092096338293002,0.7673718032797228,3.368020638482206e-29,58.03237018984317,58.02583760294582,-0.0065325868973502565,0.0065325868973502565,20045.15845824648,20040.534276469953
6.4,3.62,0.00010403903285972952,0.0006722675992700525,2.722541545984829e-05,0.00010418781441003352,0.0006732289789838893,2.7264349304276163e-05,0.00010470295148497695,0.0006765576331932583,2.7399152757351463e-05,9.61379713836823e-07,9.61379713836823e-07,3.3286542093690025e-06,3.3286542093690025e-06,4.2900339232058255e-06,4.2900339232058255e-06,0.006381437879594287,1.4775528482269376,1.0,0.3903872383399466,1.0014300551073423,1.0,0.0,0.0,input_tied,0.22582525089960662,1.1823810294603743e-29,0.1316552460415761,0.715277269151068,4.490444038542087e-29,59.896481583585164,59.88776667253063,-0.008714911054532593,0.008714911054532593,21386.489735366988,21380.117814627407
7.2,3.62,7.600634645080238e-05,0.0001209652982746507,1.756789888712088e-05,7.611673864357847e-05,0.00012114098918929026,1.75934146364126e-05,7.65025543996389e-05,0.00012175502104571055,1.7682591034279784e-05,1.7569091463956465e-07,1.7569091463956465e-07,6.140318564202841e-07,6.140318564202841e-07,7.897227710598488e-07,7.897227710598488e-07,0.006528506789333829,1.4921401916441892,1.0,0.40021145959540433,1.00145240756767,1.0,0.0,0.0,input_tied,0.2293550099528189,2.3357428655674163e-29,0.14069871838435052,0.630114421698452,8.300512230633132e-29,3.532805486037329,3.532312714281837,-0.0004927717554918942,0.0004927717554918942,28.43037025794329,28.41723444679984
8.0,3.62,6.313933684809059e-05,8.591081435204948e-05,1.3492966720466841e-05,6.323697370663934e-05,8.604366436992153e-05,1.351383185698639e-05,6.354325595031954e-05,8.646040864202953e-05,1.3579284811156464e-05,1.328500178720529e-07,1.328500178720529e-07,4.167442721079919e-07,4.167442721079919e-07,5.495942899800448e-07,5.495942899800448e-07,0.0063972655145357,1.4658274448318904,1.0,0.38241989178356733,1.0015463713023096,1.0,0.0,0.0,input_tied,0.24419316817587816,2.959948056478182e-29,0.1520636193182569,0.6058618706477157,9.732597677697152e-29,2.32633625647993,2.3255724518158614,-0.000763804664068779,0.000763804664068779,5.363117875432819,5.354277272252657
8.8,3.62,2.2146858636429218e-05,5.8482306745953826e-05,7.047750043925818e-06,2.2172601593564997e-05,5.8550285123405795e-05,7.055942173124043e-06,2.22953542059762e-05,5.887443294277603e-05,7.095005488771439e-06,6.797837745196899e-08,6.797837745196899e-08,3.2414781937023464e-07,3.2414781937023464e-07,3.9212619682220363e-07,3.9212619682220363e-07,0.006705039842658624,1.5482467554553723,1.0,0.43712316521321565,1.0011623751051282,1.0,0.0,0.0,input_tied,0.1835549192526417,2.8754741726648884e-29,0.11517223325097901,0.5937428151857201,1.2483365527864527e-28,1.5836853728707379,1.5837193272116217,3.3954340883823875e-05,3.3954340883823875e-05,0.21087697629163768,0.2109549449443184
9.600000000000001,3.62,1.097514716750559e-05,4.357983823993369e-05,3.956029584713497e-06,1.0987782977569572e-05,4.3630012196620965e-05,3.960584205957022e-06,1.104859219472062e-05,4.3871471906135e-05,3.982503097649432e-06,5.01739566872723e-08,5.01739566872723e-08,2.414597095140334e-07,2.414597095140334e-07,2.916336662013057e-07,2.916336662013057e-07,0.006691940080082073,1.5480056645464257,1.0,0.4369674344285572,1.001151311218987,1.0,0.0,0.0,input_tied,0.18180778038299605,3.492889648863739e-29,0.11485685465158924,0.5829075324628912,1.5205403541038937e-28,0.9999999965621593,0.9999999965611454,-1.0139666883901555e-12,1.0139666883901555e-12,1.000000017189203,1.0000000171942727
10.4,3.62,7.422066635836792e-06,2.9967976142054584e-05,2.109988132800364e-06,7.431357030063467e-06,3.0005487838755203e-05,2.1126292599323506e-06,7.470948972161818e-06,3.0165347677589325e-05,2.1238846867670652e-06,3.751169670061921e-08,3.751169670061921e-08,1.5985983883412178e-07,1.5985983883412178e-07,1.97371535534741e-07,1.97371535534741e-07,0.006586081575851432,1.5229622419775668,1.0,0.42065728173279693,1.0012517260599383,1.0,0.0,0.0,input_tied,0.19766465648198667,4.717225148794281e-29,0.12533762689732517,0.5770575953533154,1.8818072695195378e-28,0.49525462451438723,0.495152439046721,-0.00010218546766621595,0.00010218546766621595,5.116026215391265,5.1171819285193605
11.2,3.62,4.558508140962937e-06,1.6473387541821005e-05,7.956066124064262e-07,4.5646604647159455e-06,1.6495620608063736e-05,7.96680391219186e-07,4.588078863749019e-06,1.658024925211818e-05,8.007676567338089e-07,2.2233066242731544e-08,2.2233066242731544e-08,8.462864405444319e-08,8.462864405444319e-08,1.0686171029717473e-07,1.0686171029717473e-07,0.006486929905939796,1.499419168235305,1.0,0.40507781194222237,1.0013496353549802,1.0,0.0,0.0,input_tied,0.21312587263006663,6.981484464640766e-29,0.1353663151635882,0.5744380156356265,2.578737722233092e-28,0.15211174563265198,0.1520499676690026,-6.17779636493676e-05,6.17779636493676e-05,9.732656846174915,9.733620519968357
12.0,3.62,2.5104953637235645e-06,8.248756071704569e-06,4.859948471246432e-07,2.514113425974029e-06,8.260643969761492e-06,4.866952505731857e-07,2.526552948011921e-06,8.301516613631652e-06,4.8910335843049e-07,1.1887898056922924e-08,1.1887898056922924e-08,4.08726438701602e-08,4.08726438701602e-08,5.276054192708313e-08,5.276054192708313e-08,0.006396181614348598,1.4779687035454037,1.0,0.3906686474340275,1.001441174639374,1.0,0.0,0.0,input_tied,0.22758117701609065,1.0575838575814504e-28,0.14464355018632655,0.5733931912133362,3.6558279170384534e-28,0.038205322331963304,0.038182899694201765,-2.2422637761539133e-05,2.2422637761539133e-05,11.590529650781196,11.590911341783075
12.8,3.62,6.987850667582667e-07,2.049405442966268e-06,2.0546691458996626e-07,6.994681348079283e-07,2.051408753348081e-06,2.056677601593629e-07,7.035098684147911e-07,2.063262399407449e-06,2.068561692615339e-07,2.0033103818128935e-09,2.0033103818128935e-09,1.185364605936815e-08,1.185364605936815e-08,1.3856956441181043e-08,1.3856956441181043e-08,0.006761451956097455,1.5781226258875372,1.0,0.4562359290923607,1.0009775080810333,1.0,0.0,0.0,input_tied,0.1543618889386422,1.3010581892824182e-28,0.10063809092004923,0.5338316489059117,6.464044465609094e-28,0.0023603039240562753,0.0023606298330284604,3.2590897218508566e-07,3.2590897218508566e-07,12.20872950029535,12.208723806504551
13.600000000000001,3.62,2.2326160079887397e-07,5.624641090358495e-07,8.964924360862648e-08,2.234734975082543e-07,5.629979415149805e-07,8.973432935400825e-08,2.2477444706571632e-07,5.662754304836171e-07,9.025671718685603e-08,5.338324791310119e-10,5.338324791310119e-10,3.277488968636604e-09,3.277488968636604e-09,3.811321447767616e-09,3.811321447767616e-09,0.006776114931672371,1.5835144599575646,1.0,0.4596467185984162,1.0009490960766299,1.0,0.0,0.0,input_tied,0.14987524503941824,2.307639138212443e-28,0.09808481357269962,0.5280168211599038,1.1763488424750079e-27,0.00017781392866979316,0.00017784366481551935,2.9736145726186802e-08,2.9736145726186802e-08,12.24688845385948,12.246887933543034
14.4,3.62,1.1131969109529625e-07,2.793939226895787e-07,4.078541255036925e-08,1.1143572332472457e-07,2.7968514430023374e-07,4.0827924547122115e-08,1.1206415952505309e-07,2.812624147134225e-07,4.105817159002887e-08,2.91221610655056e-10,2.91221610655056e-10,1.577270413188748e-09,1.577270413188748e-09,1.868492023843804e-09,1.868492023843804e-09,0.006687661656548617,1.5609164733916419,1.0,0.4452731317042589,1.0010423333759433,1.0,0.0,0.0,input_tied,0.16459868919378942,3.6666721766324277e-28,0.10740742647090296,0.5324702825682148,1.706898813754625e-27,4.387548847092167e-05,4.387511553418437e-05,-3.729367373050225e-10,3.729367373050225e-10,12.249232190983372,12.249232197509558
15.200000000000001,3.62,4.9683301627579994e-08,1.468672700196202e-07,1.1758318010469981e-08,4.9739483487935504e-08,1.4703334747793583e-07,1.1771614312423335e-08,5.0011461429121153e-08,1.4783733305093404e-07,1.1835982078242635e-08,1.6607745831562222e-10,1.6607745831562222e-10,8.039855729982114e-10,8.039855729982114e-10,9.700630313138336e-10,9.700630313138336e-10,0.006605032089070911,1.5399344597018174,1.0,0.4317398568847099,1.0011307996553176,1.0,0.0,0.0,input_tied,0.17856872407797547,5.80681043664065e-28,0.11619019864791928,0.5368656406129076,2.498838328969772e-27,1.2123860985619731e-05,1.2121767764732302e-05,-2.093220887429558e-09,2.093220887429558e-09,12.249787833351425,12.249787869982473
16.0,3.62,2.013529281264465e-08,5.6030361354393594e-08,5.236733354301586e-09,2.0159777874248266e-08,5.6098495791881076e-08,5.243101363943903e-09,2.0266706696800654e-08,5.6396045999993646e-08,5.270911127467413e-09,6.813443748748209e-11,6.813443748748209e-11,2.9755020811256986e-10,2.9755020811256986e-10,3.6568464560005195e-10,3.6568464560005195e-10,0.0065265444798238295,1.520124718640573,1.0,0.4187923832293445,1.0012160270938917,1.0,0.0,0.0,input_tied,0.19202730172346644,1.013161121400409e-27,0.12459912372608362,0.5411609326050772,4.0656831729720804e-27,1.7645656576059786e-06,1.7639858926260633e-06,-5.797649799153835e-10,5.797649799153835e-10,12.24996912012045,12.249969130266324
16.8,3.62,9.31288741848198e-09,2.500543312410231e-08,2.2594181325096426e-09,9.324974569171502e-09,2.503788755253532e-08,2.2623506201701383e-09,9.372966461547743e-09,2.5166747486236615e-08,2.2739940285971677e-09,3.245442843300922e-11,3.245442843300922e-11,1.288599337012943e-10,1.288599337012943e-10,1.6131436213430353e-10,1.6131436213430353e-10,0.006451172484543584,1.5013415333766713,1.0,0.40635906399495303,1.0012978950723204,1.0,0.0,0.0,input_tied,0.20495537468681896,1.636216098834357e-27,0.13268580337603814,0.5446669460632896,6.165754199781417e-27,3.5144691785126237e-07,3.5127883087135306e-07,-1.680869799093081e-10,1.680869799093081e-10,12.249993849679708,12.249993852621227
17.6,3.62,3.484410888318046e-09,7.139226485334225e-09,8.222198924376402e-10,3.4880129737954025e-09,7.146606815859708e-09,8.230698801195386e-10,3.507652302728585e-09,7.186845932820351e-09,8.277041920421441e-10,7.380330525483494e-12,7.380330525483494e-12,4.023911696064278e-11,4.023911696064278e-11,4.7619447486126275e-11,4.7619447486126275e-11,0.006670113013496442,1.559816346703205,1.0,0.44456808785883606,1.0010337717315236,1.0,0.0,0.0,input_tied,0.16324668849867235,2.2372456970863042e-27,0.10702376707827714,0.5253311760113416,1.0452097502090277e-26,5.6207073804593766e-08,5.546228976920903e-08,-7.447840353847369e-10,7.447840353847369e-10,12.249999016376224,12.249999029409944
18.4,3.62,1.7949803590232282e-09,1.996930012438708e-09,3.8732741948561017e-10,1.7966016795096533e-09,1.9987337444532942e-09,3.876772739433536e-10,1.8071485938700737e-09,2.0104672710732764e-09,3.899531256551686e-10,1.8037320145863918e-12,1.8037320145863918e-12,1.1733526619982158e-11,1.1733526619982158e-11,1.353725863456855e-11,1.353725863456855e-11,0.006779035093992335,1.5896510516836373,1.0,0.463514527796402,1.0009032524942543,1.0,0.0,0.0,input_tied,0.1426359166813971,3.1770480497800524e-27,0.09421603304878111,0.5139240325215796,1.686044268142297e-26,5.6207073804593766e-08,5.546228976920903e-08,-7.447840353847369e-10,7.447840353847369e-10,12.249999016376224,12.249999029409944
19.200000000000003,3.62,1.8603064690849132e-09,2.063041699959558e-09,3.88760954464617e-10,1.8621348956954406e-09,2.065069387550565e-09,3.8914305326720124e-10,1.8727791821255294e-09,2.076873682776388e-09,3.913674625357405e-10,2.0276875910069583e-12,2.0276875910069583e-12,1.1804295225822897e-11,1.1804295225822897e-11,1.3831982816829855e-11,1.3831982816829855e-11,0.006704654984482866,1.5704009692603986,1.0,0.4513309811859851,1.000982863114714,1.0,0.0,0.0,input_tied,0.15520752196237864,3.447517208295368e-27,0.10217329191624851,0.5190615771644347,1.6870931452033958e-26,5.6207073804593766e-08,5.546228976920903e-08,-7.447840353847369e-10,7.447840353847369e-10,12.249999016376224,12.249999029409944
20.0,3.62,0.0,0.0,0.0,1e-30,1e-30,1e-30,1.0055641423643005e-30,1.0055641423643005e-30,1.0055641423643005e-30,1e-30,1e-30,5.564142364300414e-33,5.564142364300414e-33,1.0055641423643005e-30,1.0055641423643005e-30,1.0055641423643005,1.5516627094173834,1.0,0.43932707173589636,1.000696715514015,1.0,0.0,0.0,input_tied,0.11002090405486509,0.0,0.11002090405486509,0.0,0.0,5.6207073804593766e-08,5.546228976920903e-08,-7.447840353847369e-10,7.447840353847369e-10,12.249999016376224,12.249999029409944
4.0,3.81,0.00019318525669526364,0.0015413140263793401,0.00031395984768226053,0.00019334969614528825,0.001542625994151357,0.00031422709056386466,0.00019395596159106686,0.001547463037367143,0.00031521237800384734,1.3119677720169719e-06,1.3119677720169719e-06,4.837043215785925e-06,4.837043215785925e-06,6.149010987802897e-06,6.149010987802897e-06,0.003989460215480797,1.280917082806759,1.0,0.24757629233153006,1.0008512008257648,1.0,0.0,0.0,input_tied,0.13441624665886243,4.4387196338357736e-30,0.07718149434815945,0.7415605618170809,2.875507705132703e-29,3.142800761017072,3.1427608858803464,-3.9875136725431304e-05,3.9875136725431304e-05,18.983465578760526,18.98259690846531
4.8,3.81,0.0001981813173150269,0.0015699380109861526,0.00015088963563613146,0.00019833735527550672,0.0015711741008892419,0.0001510084385148346,0.000199110267120796,0.001577296896425676,0.00015159691167817102,1.2360899030892589e-06,1.2360899030892589e-06,6.122795536434153e-06,6.122795536434153e-06,7.3588854395234115e-06,7.3588854395234115e-06,0.004687373251699885,1.3602809677586774,1.0,0.30769127235057525,1.0007873494968842,1.0,0.0,0.0,input_tied,0.12433324895431232,4.2574033257099974e-30,0.07111786048012514,0.7482703798303796,2.9932026195443457e-29,13.973329536135248,13.972766574546656,-0.000562961588592259,0.000562961588592259,988.0538476515687,987.9653708627352
5.6,3.81,0.00015728834200537633,0.001302097270244497,5.94955053574147e-05,0.00015748059087139637,0.0013036887850412118,5.956822494548093e-05,0.00015819474274676707,0.0013096008265542972,5.983835829538726e-05,1.591514796714811e-06,1.591514796714811e-06,5.912041513085348e-06,5.912041513085348e-06,7.503556309800159e-06,7.503556309800159e-06,0.00576266956491753,1.4305484675437201,1.0,0.35805791447458585,1.0012222702812485,1.0,0.0,0.0,input_tied,0.19301318635410925,7.356402365097509e-30,0.1092096338293002,0.7673641013740413,3.368018968269737e-29,58.03536702127631,58.02883367337608,-0.006533347900230524,0.006533347900230524,20047.279985216697,20042.655020043076
6.4,3.81,0.00010403942291816903,0.0006722670893398038,2.722534218776579e-05,0.00010418820495078392,0.0006732284678365949,2.726427590765501e-05,0.00010470334395668273,0.0006765571195186921,2.7399078997834505e-05,9.613784967910446e-07,9.613784967910446e-07,3.328651682097208e-06,3.328651682097208e-06,4.2900301788882525e-06,4.2900301788882525e-06,0.006381437150376129,1.4775528482269376,1.0,0.3903872383399466,1.0014300543817118,1.0,0.0,0.0,input_tied,0.2258251363126598,1.1823810294862228e-29,0.1316552460415761,0.7152763987949655,4.4904440386402544e-29,59.89663404855779,59.887919059446496,-0.0087149891112972,0.0087149891112972,21386.60121881807,21380.22922440228
7.2,3.81,7.600637001217099e-05,0.00012096528680893696,1.7567894626679354e-05,7.611676223440918e-05,0.00012114097769935023,1.759341036868328e-05,7.650257811004533e-05,0.00012175500949753102,1.7682586744918464e-05,1.756908904132704e-07,1.756908904132704e-07,6.140317981807923e-07,6.140317981807923e-07,7.897226885940627e-07,7.897226885940627e-07,0.006528506726408371,1.4921401916441892,1.0,0.40021145959540433,1.001452407505062,1.0,0.0,0.0,input_tied,0.22935500006613896,2.3357428208944736e-29,0.14069871838435052,0.6301143514300085,8.300512071879224e-29,3.5328057929890972,3.532313020864831,-0.0004927721242662386,0.0004927721242662386,28.43037844129907,28.41724261843563
8.0,3.81,6.313933861523411e-05,8.591081341528643e-05,1.3492966404811948e-05,6.323697547617284e-05,8.604366343124363e-05,1.3513831540770144e-05,6.35432577284236e-05,8.646040769880523e-05,1.3579284493408654e-05,1.328500159572028e-07,1.328500159572028e-07,4.1674426756159336e-07,4.1674426756159336e-07,5.495942835187962e-07,5.495942835187962e-07,0.0063972655090820596,1.4658274448318904,1.0,0.38241989178356733,1.0015463712968822,1.0,0.0,0.0,input_tied,0.24419316731884,2.959948052134171e-29,0.1520636193182569,0.605861865011666,9.732597663413621e-29,2.326336253525646,2.3255724488327276,-0.0007638046929185904,0.0007638046929185904,5.363117841224565,5.354277237738827
8.8,3.81,2.2146858698122385e-05,5.848230666985641e-05,7.047750027298096e-06,2.217260165531964e-05,5.85502850471929e-05,7.055942156473738e-06,2.2295354268072735e-05,5.88744328661412e-05,7.0950054720289535e-06,6.797837733648791e-08,6.797837733648791e-08,3.2414781894829703e-07,3.2414781894829703e-07,3.9212619628478494e-07,3.9212619628478494e-07,0.006705039842193825,1.5482467554553723,1.0,0.43712316521321565,1.001162375104666,1.0,0.0,0.0,input_tied,0.18355491917966055,2.875474172739253e-29,0.11517223325097901,0.5937428145520505,1.2483365528187368e-28,1.5836853700647764,1.5837193244044234,3.3954339647035425e-05,3.3954339647035425e-05,0.21087696984896176,0.21095493849761127
9.600000000000001,3.81,1.0975147166600044e-05,4.357983824079388e-05,3.956029585346656e-06,1.0987782976662947e-05,4.3630012197482e-05,3.9605842065908965e-06,1.1048592193808978e-05,4.38714719070008e-05,3.982503098286814e-06,5.017395668811933e-08,5.017395668811933e-08,2.4145970951880386e-07,2.4145970951880386e-07,2.916336662069232e-07,2.916336662069232e-07,0.006691940080078888,1.5480056645464257,1.0,0.4369674344285572,1.0011513112189836,1.0,0.0,0.0,input_tied,0.1818077803824488,3.492889648847751e-29,0.11485685465158924,0.5829075324581264,1.5205403540969338e-28,0.9999999965814609,0.9999999965804408,-1.0200729150255938e-12,1.0200729150255938e-12,1.0000000170926948,1.0000000170977952
10.4,3.81,7.4220666459446125e-06,2.9967976111182754e-05,2.109988133087216e-06,7.43135704018072e-06,3.0005487807831728e-05,2.1126292602186465e-06,7.470948982332972e-06,3.0165347646501098e-05,2.1238846870548866e-06,3.7511696648973914e-08,3.7511696648973914e-08,1.5985983866937048e-07,1.5985983866937048e-07,1.973715353183444e-07,1.973715353183444e-07,0.006586081575415227,1.5229622419775668,1.0,0.42065728173279693,1.0012517260595044,1.0,0.0,0.0,input_tied,0.19766465641347788,4.7172251491755607e-29,0.12533762689732517,0.5770575948067216,1.8818072696716388e-28,0.49525462349158716,0.49515243802371134,-0.00010218546787582605,0.00010218546787582605,5.116026226958434,5.117181940090207
11.2,3.81,4.558508311773896e-06,1.6473387311930208e-05,7.9560656463635e-07,4.564660635758785e-06,1.6495620377867544e-05,7.966803433848728e-07,4.588079035669372e-06,1.6580249020740993e-05,8.00767608654088e-07,2.223306593733551e-08,2.223306593733551e-08,8.462864287344887e-08,8.462864287344887e-08,1.0686170881078438e-07,1.0686170881078438e-07,0.00648692990623695,1.499419168235305,1.0,0.40507781194222237,1.001349635355276,1.0,0.0,0.0,input_tied,0.21312587267674665,6.981484476910383e-29,0.1353663151635882,0.5744380159804688,2.578737726765097e-28,0.15211174143681816,0.15204996347494223,-6.17779618759251e-05,6.17779618759251e-05,9.732656911624062,9.73362058539308
12.0,3.81,2.510495491665348e-06,8.248755087370793e-06,4.859949294177157e-07,2.5141135539604283e-06,8.260642983549874e-06,4.866953329577994e-07,2.526553076631581e-06,8.301515622540381e-06,4.891034412227326e-07,1.1887896179081374e-08,1.1887896179081374e-08,4.087263899050673e-08,4.087263899050673e-08,5.2760535169588105e-08,5.2760535169588105e-08,0.006396181558398649,1.4779687035454037,1.0,0.3906686474340275,1.0014411745836995,1.0,0.0,0.0,input_tied,0.22758116822430635,1.057583863775727e-28,0.14464355018632655,0.5733931304309209,3.6558279384506653e-28,0.03820531320074965,0.038182890564113676,-2.2422636635974214e-05,2.2422636635974214e-05,11.590529806216676,11.590911497201951
12.8,3.81,6.987848928897525e-07,2.0494066548784325e-06,2.0546663779377115e-07,6.994679609465762e-07,2.0514099669643596e-06,2.0566748314467663e-07,7.035096935488168e-07,2.0632636200363614e-06,2.068558906461749e-07,2.00331208592714e-09,2.00331208592714e-09,1.1853653072001778e-08,1.1853653072001778e-08,1.3856965157928918e-08,1.3856965157928918e-08,0.006761452211030753,1.5781226258875372,1.0,0.4562359290923607,1.0009775083345018,1.0,0.0,0.0,input_tied,0.15436192896480824,1.3010581705047968e-28,0.10063809092004923,0.5338320466297329,6.464044372316281e-28,0.002360306716731944,0.002360632627285205,3.259105532610676e-07,3.259105532610676e-07,12.20872945150592,12.208723757687514
13.600000000000001,3.81,2.2326184624019438e-07,5.624643438203928e-07,8.964872868927619e-08,2.2347374332641434e-07,5.629981768848651e-07,8.973381400372864e-08,2.2477469431490525e-07,5.662756672237061e-07,9.025619883646801e-08,5.33833064472389e-10,5.33833064472389e-10,3.2774903388409333e-09,3.2774903388409333e-09,3.811323403313322e-09,3.811323403313322e-09,0.006776115579924408,1.5835144599575646,1.0,0.4596467185984162,1.0009490967211299,1.0,0.0,0.0,input_tied,0.14987534681477416,2.3076395990594266e-28,0.09808481357269962,0.528017858785936,1.1763490773977074e-27,0.0001778140771870308,0.00017784381358662102,2.9736399590228136e-08,2.9736399590228136e-08,12.24688845126076,12.246887930939867
14.4,3.81,1.1131952287319686e-07,2.7939600226011797e-07,4.0784838374191554e-08,1.1143555523453372e-07,2.7968722680953727e-07,4.08273498850313e-08,1.1206399048692599e-07,2.812645089669333e-07,4.1057593687159875e-08,2.912245494192964e-10,2.912245494192964e-10,1.5772821573960117e-09,1.5772821573960117e-09,1.868506706815308e-09,1.868506706815308e-09,0.0066876644322051764,1.5609164733916419,1.0,0.4452731317042589,1.0010423361360345,1.0,0.0,0.0,input_tied,0.16459912504995428,3.666672724055548e-28,0.10740742647090296,0.5324743405386847,1.7068990685894808e-27,4.387614162575498e-05,4.3875768925414195e-05,-3.727003407839034e-10,3.727003407839034e-10,12.249232179553522,12.249232186075572
15.200000000000001,3.81,4.969224196206486e-08,1.468313065721416e-07,1.1759259294986577e-08,4.974843139853421e-08,1.4699733587664845e-07,1.177255606178544e-08,5.002045826733494e-08,1.478011245364403e-07,1.1836928977136555e-08,1.6602930450683802e-10,1.6602930450683802e-10,8.037886597918512e-10,8.037886597918512e-10,9.698179642986892e-10,9.698179642986892e-10,0.006604980824182718,1.5399344597018174,1.0,0.4317398568847099,1.0011307486692238,1.0,0.0,0.0,input_tied,0.1785606726767486,5.8069205351435985e-28,0.11619019864791928,0.5367963456007591,2.4988857075370825e-27,1.2117924162016547e-05,1.2115830732058056e-05,-2.093429958491616e-09,2.093429958491616e-09,12.249787937244935,12.249787973879647
16.0,3.81,2.0135720478409012e-08,5.6037446620935115e-08,5.234988356504235e-09,2.016020727676023e-08,5.6105593060343394e-08,5.241354560504442e-09,2.026713837689252e-08,5.640318091284693e-08,5.2691550588646065e-09,6.81464394082787e-11,6.81464394082787e-11,2.975878525035338e-10,2.975878525035338e-10,3.6573429191181253e-10,3.6573429191181253e-10,0.006526605224999265,1.520124718640573,1.0,0.4187923832293445,1.0012160875185705,1.0,0.0,0.0,input_tied,0.19203684360629472,1.0131606073899073e-27,0.12459912372608362,0.5412375132626528,4.065681110315112e-27,1.7650119587968977e-06,1.7644322601519496e-06,-5.7969864494813e-10,5.7969864494813e-10,12.249969112310188,12.249969122454903
16.8,3.81,9.322817905947147e-09,2.498901233124378e-08,2.2566985275275577e-09,9.334918281451245e-09,2.5021446348054483e-08,2.259627566779221e-09,9.382961350113921e-09,2.515022166549113e-08,2.2712569607460176e-09,3.2434016810701523e-11,3.2434016810701523e-11,1.2877531743664657e-10,1.2877531743664657e-10,1.612093342473481e-10,1.612093342473481e-10,0.006451208719673484,1.5013415333766713,1.0,0.40635906399495303,1.0012979311219175,1.0,0.0,0.0,input_tied,0.20496106741098435,1.6363604814134777e-27,0.13268580337603814,0.5447098498557116,6.166298276749138e-27,3.509854867597506e-07,3.5081764572997886e-07,-1.678410297717101e-10,1.678410297717101e-10,12.249993857754749,12.249993860691964
17.6,3.81,3.484410888318046e-09,7.139226485334225e-09,8.222198924376402e-10,3.4880129737954025e-09,7.146606815859708e-09,8.230698801195386e-10,3.507652302728585e-09,7.186845932820351e-09,8.277041920421441e-10,7.380330525483494e-12,7.380330525483494e-12,4.023911696064278e-11,4.023911696064278e-11,4.7619447486126275e-11,4.7619447486126275e-11,0.006670113013496442,1.559816346703205,1.0,0.44456808785883606,1.0010337717315236,1.0,0.0,0.0,input_tied,0.16324668849867235,2.2372456970863042e-27,0.10702376707827714,0.5253311760113416,1.0452097502090277e-26,5.6207073804593766e-08,5.546228976920903e-08,-7.447840353847369e-10,7.447840353847369e-10,12.249999016376224,12.249999029409944
18.4,3.81,1.7949803590232282e-09,1.996930012438708e-09,3.8732741948561017e-10,1.7966016795096533e-09,1.9987337444532942e-09,3.876772739433536e-10,1.8071485938700737e-09,2.0104672710732764e-09,3.899531256551686e-10,1.8037320145863918e-12,1.8037320145863918e-12,1.1733526619982158e-11,1.1733526619982158e-11,1.353725863456855e-11,1.353725863456855e-11,0.006779035093992335,1.5896510516836373,1.0,0.463514527796402,1.0009032524942543,1.0,0.0,0.0,input_tied,0.1426359166813971,3.1770480497800524e-27,0.09421603304878111,0.5139240325215796,1.686044268142297e-26,5.6207073804593766e-08,5.546228976920903e-08,-7.447840353847369e-10,7.447840353847369e-10,12.249999016376224,12.249999029409944
19.200000000000003,3.81,1.8603064690849132e-09,2.063041699959558e-09,3.88760954464617e-10,1.8621348956954406e-09,2.065069387550565e-09,3.8914305326720124e-10,1.8727791821255294e-09,2.076873682776388e-09,3.913674625357405e-10,2.0276875910069583e-12,2.0276875910069583e-12,1.1804295225822897e-11,1.1804295225822897e-11,1.3831982816829855e-11,1.3831982816829855e-11,0.006704654984482866,1.5704009692603986,1.0,0.4513309811859851,1.000982863114714,1.0,0.0,0.0,input_tied,0.15520752196237864,3.447517208295368e-27,0.10217329191624851,0.5190615771644347,1.6870931452033958e-26,5.6207073804593766e-08,5.546228976920903e-08,-7.447840353847369e-10,7.447840353847369e-10,12.249999016376224,12.249999029409944
20.0,3.81,0.0,0.0,0.0,1e-30,1e-30,1e-30,1.0055641423643005e-30,1.0055641423643005e-30,1.0055641423643005e-30,1e-30,1e-30,5.564142364300414e-33,5.564142364300414e-33,1.0055641423643005e-30,1.0055641423643005e-30,1.0055641423643005,1.5516627094173834,1.0,0.43932707173589636,1.000696715514015,1.0,0.0,0.0,input_tied,0.11002090405486509,0.0,0.11002090405486509,0.0,0.0,5.6207073804593766e-08,5.546228976920903e-08,-7.447840353847369e-10,7.447840353847369e-10,12.249999016376224,12.249999029409944
4.0,4.0,0.00019480821633711745,0.0015441471247237223,0.0003125194806003243,0.00019497408620877853,0.0015454618920893888,0.00031278557597922275,0.00019558544507640156,0.001550307827519447,0.00031376634341995186,1.3147673656665419e-06,1.3147673656665419e-06,4.845935430058132e-06,4.845935430058132e-06,6.160702795724674e-06,6.160702795724674e-06,0.003989712312437161,1.280917082806759,1.0,0.24757629233153006,1.0008514521347192,1.0,0.0,0.0,input_tied,0.13445593177825538,4.438499061712245e-30,0.07718149434815945,0.7420747410219293,2.8753648132870665e-29,3.183410476023147,3.1833697175462072,-4.075847693973955e-05,4.075847693973955e-05,19.87845578743192,19.87754718413024
4.8,4.0,0.0001983165835751726,0.0015700200110279794,0.00015083025065147775,0.00019847272550861558,0.0015712561454734539,0.0001509490048501123,0.0001992461648856778,0.0015773792607339807,0.00015153724640310274,1.236134445474447e-06,1.236134445474447e-06,6.12311526052684e-06,6.12311526052684e-06,7.359249706001287e-06,7.359249706001287e-06,0.00468736045038227,1.3602809677586774,1.0,0.30769127235057525,1.000787336745259,1.0,0.0,0.0,input_tied,0.12433123529839521,4.257349538326242e-30,0.07111786048012514,0.7482420654814449,2.993164803879341e-29,13.985646298464742,13.985082399309677,-0.0005638991550647177,0.0005638991550647177,989.9905796878702,989.9018687338388
5.6,4.0,0.00015729609466754992,0.0013020924192729552,5.949361096137269e-05,0.00015748835217155768,0.0013036839212046845,5.956632791707345e-05,0.00015820253924331057,0.0013095959406609695,5.9836452664228246e-05,1.5915019317292584e-06,1.5915019317292584e-06,5.912019456284952e-06,5.912019456284952e-06,7.50352138801421e-06,7.50352138801421e-06,0.005762664214114636,1.4305484675437201,1.0,0.35805791447458585,1.0012222649546012,1.0,0.0,0.0,input_tied,0.19301234520366936,7.35639871745375e-30,0.1092096338293002,0.7673563992106843,3.368017298250513e-29,58.038363789792285,58.031829680837056,-0.006534108955229101,0.006534108955229101,20049.401579905338,20044.775831245854
6.4,4.0,0.00010403981297564763,0.0006722665794077904,2.7225268916124186e-05,0.00010418859549057173,0.0006732279566875355,2.7264202511475554e-05,0.00010470373642742115,0.0006765566058423522,2.7399005238761427e-05,9.613772797450494e-07,9.613772797450494e-07,3.3286491548167397e-06,3.3286491548167397e-06,4.290026434561789e-06,4.290026434561789e-06,0.006381436421160393,1.4775528482269376,1.0,0.3903872383399466,1.0014300536560838,1.0,0.0,0.0,input_tied,0.22582502172606403,1.1823810295126992e-29,0.1316552460415761,0.7152755284415293,4.4904440387408065e-29,59.89678651241825,59.888071445249984,-0.008715067168267865,0.008715067168267865,21386.712701746485,21380.34063365416
7.2,4.0,7.600639357362384e-05,0.00012096527534324826,1.756789036619665e-05,7.611678582532426e-05,0.00012114096620943529,1.759340610091273e-05,7.650260182053657e-05,0.00012175499794937673,1.7682582455515708e-05,1.7569086618703035e-07,1.7569086618703035e-07,6.14031739941436e-07,6.14031739941436e-07,7.897226061284664e-07,7.897226061284664e-07,0.006528506663483118,1.4921401916441892,1.0,0.40021145959540433,1.001452407442454,1.0,0.0,0.0,input_tied,0.2293549901794957,2.3357427762215483e-29,0.14069871838435052,0.6301142811618257,8.300511913125378e-29,3.5328060999517574,3.532313327458714,-0.0004927724930432476,0.0004927724930432476,28.430386624946415,28.41725079036284
8.0,4.0,6.313934038138954e-05,8.59108124798996e-05,1.3492966088972667e-05,6.323697724471737e-05,8.604366249394496e-05,1.3513831224369367e-05,6.354325950553392e-05,8.646040675696684e-05,1.357928417547542e-05,1.3285001404536134e-07,1.3285001404536134e-07,4.1674426302187623e-07,4.1674426302187623e-07,5.495942770672376e-07,5.495942770672376e-07,0.006397265503638732,1.4658274448318904,1.0,0.38241989178356733,1.0015463712914652,1.0,0.0,0.0,input_tied,0.24419316646342198,2.959948047796176e-29,0.1520636193182569,0.6058618593862702,9.73259764914987e-29,2.326336250673749,2.325572445951965,-0.000763804721783945,0.000763804721783945,5.363117808201865,5.354277204409395
8.8,4.0,2.214685876105627e-05,5.8482306593563485e-05,7.047750009770255e-06,2.2172601718316582e-05,5.8550284970784634e-05,7.0559421389223094e-06,2.229535433141844e-05,5.887443278930992e-05,7.095005454380356e-06,6.797837722114913e-08,6.797837722114913e-08,3.241478185252888e-07,3.241478185252888e-07,3.921261957464379e-07,3.921261957464379e-07,0.006705039841735569,1.5482467554553723,1.0,0.43712316521321565,1.0011623751042102,1.0,0.0,0.0,input_tied,0.18355491910769497,2.8754741728201416e-29,0.11517223325097901,0.5937428139271986,1.2483365528538534e-28,1.5836853673193614,1.5837193216577912,3.39543384297869e-05,3.39543384297869e-05,0.21087696354530466,0.21095493218999356
9.600000000000001,4.0,1.0975147177031381e-05,4.357983821566606e-05,3.956029583567981e-06,1.098778298710396e-05,4.363001217231597e-05,3.960584204809332e-06,1.1048592204307773e-05,4.3871471881695496e-05,3.98250309649539e-06,5.017395664991476e-08,5.017395664991476e-08,2.4145970937952454e-07,2.4145970937952454e-07,2.916336660294393e-07,2.916336660294393e-07,0.006691940079864798,1.5480056645464257,1.0,0.4369674344285572,1.0011513112187709,1.0,0.0,0.0,input_tied,0.18180778034888181,3.492889648999677e-29,0.11485685465158924,0.5829075321658758,1.5205403541630708e-28,0.9999999954851798,0.9999999954837614,-1.4184209362611e-12,1.4184209362611e-12,1.0000000225741006,1.0000000225811927
10.4,4.0,7.4220666549472285e-06,2.9967976082658448e-05,2.109988133305607e-06,7.431357049191691e-06,3.000548777925995e-05,2.1126292604364826e-06,7.470948991391951e-06,3.01653476177771e-05,2.123884687273883e-06,3.75116966015028e-08,3.75116966015028e-08,1.598598385171485e-07,1.598598385171485e-07,1.973715351186513e-07,1.973715351186513e-07,0.006586081575020482,1.5229622419775668,1.0,0.42065728173279693,1.0012517260591118,1.0,0.0,0.0,input_tied,0.19766465635147748,4.717225149520619e-29,0.12533762689732517,0.5770575943120544,1.8818072698092905e-28,0.49525462254697283,0.49515243707891127,-0.00010218546806156636,0.00010218546806156636,5.1160262376413765,5.117181950776459
11.2,4.0,4.558508246860103e-06,1.6473387406051435e-05,7.956065802688383e-07,4.5646605707591935e-06,1.6495620472122344e-05,7.966803590387754e-07,4.588078970336308e-06,1.6580249115479358e-05,8.007676243883009e-07,2.2233066070909217e-08,2.2233066070909217e-08,8.46286433570132e-08,8.46286433570132e-08,1.0686170942792242e-07,1.0686170942792242e-07,0.006486929906636396,1.499419168235305,1.0,0.40507781194222237,1.0013496353556732,1.0,0.0,0.0,input_tied,0.21312587273949565,6.981484472094076e-29,0.1353663151635882,0.5744380164440182,2.578737724986107e-28,0.15211174315873593,0.15204996519628763,-6.177796244830058e-05,6.177796244830058e-05,9.73265688476455,9.733620558541165
12.0,4.0,2.5104953464504985e-06,8.248756305240155e-06,4.85994782860837e-07,2.5141134087389013e-06,8.26064420384009e-06,4.866951862289274e-07,2.526552930691516e-06,8.301516848868443e-06,4.891032937678644e-07,1.1887898599935418e-08,1.1887898599935418e-08,4.08726450283524e-08,4.08726450283524e-08,5.2760543628287815e-08,5.2760543628287815e-08,0.006396181639500106,1.4779687035454037,1.0,0.3906686474340275,1.0014411746644016,1.0,0.0,0.0,input_tied,0.22758118096825733,1.0575838565040044e-28,0.14464355018632655,0.5733932185368268,3.6558279133139662e-28,0.03820532450549825,0.03818290186836162,-2.2422637136636225e-05,2.2422637136636225e-05,11.59052961378234,11.590911304772975
12.8,4.0,6.987845798336386e-07,2.0494072950044106e-06,2.054667778023314e-07,6.994676475812492e-07,2.0514106077066872e-06,2.0566762328915608e-07,7.035093783727724e-07,2.0632642644810874e-06,2.0685603160045056e-07,2.003312702276593e-09,2.003312702276593e-09,1.1853656774400154e-08,1.1853656774400154e-08,1.3856969476676747e-08,1.3856969476676747e-08,0.006761452206427774,1.5781226258875372,1.0,0.4562359290923607,1.0009775083299253,1.0,0.0,0.0,input_tied,0.15436192824211573,1.3010581258097666e-28,0.10063809092004923,0.5338320394486294,6.464044150258063e-28,0.002360308190617311,0.0023606341013524238,3.2591073511256327e-07,3.2591073511256327e-07,12.20872942575641,12.208723731934832
13.600000000000001,4.0,2.2326214311954813e-07,5.624647446325398e-07,8.964829270715869e-08,2.2347404061775735e-07,5.629985784054903e-07,8.973337766011107e-08,2.2477499333692792e-07,5.66276071081781e-07,9.025575995267882e-08,5.338337729505454e-10,5.338337729505454e-10,3.277492676290714e-09,3.277492676290714e-09,3.8113264492412595e-09,3.8113264492412595e-09,0.006776116166589628,1.5835144599575646,1.0,0.4596467185984162,1.0009490973043995,1.0,0.0,0.0,input_tied,0.14987543892101718,2.307640016124428e-28,0.09808481357269962,0.5280187978328652,1.1763492900019763e-27,0.00017781433066749706,0.0001778440673167458,2.9736649248730557e-08,2.9736649248730557e-08,12.246888446825418,12.246887926500156
14.4,4.0,1.1131809583969892e-07,2.7939468474501134e-07,4.078671190518418e-08,1.1143412609291819e-07,2.796859063633344e-07,4.082922514146119e-08,1.1206255328573765e-07,2.8126318107413996e-07,4.105947951900481e-08,2.9122161832308645e-10,2.9122161832308645e-10,1.5772747108055411e-09,1.5772747108055411e-09,1.8684963291286276e-09,1.8684963291286276e-09,0.006687658825127274,1.5609164733916419,1.0,0.4452731317042589,1.0010423305604002,1.0,0.0,0.0,input_tied,0.16459824458102681,3.666666858124476e-28,0.10740742647090296,0.532466143070815,1.7068963378979146e-27,4.387572779472405e-05,4.3875354609145815e-05,-3.7318557823769107e-10,3.7318557823769107e-10,12.249232186795336,12.24923219332588
15.200000000000001,4.0,4.969310806488475e-08,1.4683460382002564e-07,1.1758401285242486e-08,4.974929906061921e-08,1.4700063856645664e-07,1.1771697219068972e-08,5.002133067383888e-08,1.4780444528551873e-07,1.1836065438225887e-08,1.6603474643099686e-10,1.6603474643099686e-10,8.03806719062094e-10,8.03806719062094e-10,9.698414654930909e-10,9.698414654930909e-10,0.006604992558033665,1.5399344597018174,1.0,0.4317398568847099,1.0011307603392625,1.0,0.0,0.0,input_tied,0.1785625155354086,5.806921879236885e-28,0.11619019864791928,0.5368122063074404,2.4988862859392633e-27,1.211846841005734e-05,1.2116375168554737e-05,-2.0932415026038258e-09,2.0932415026038258e-09,12.249787927720678,12.249787964352091
16.0,4.0,2.01361072523426e-08,5.6043854424628775e-08,5.233410207626961e-09,2.0160595621392033e-08,5.611201171903052e-08,5.2397747784422326e-09,2.0267528781330466e-08,5.640963361653297e-08,5.26756689753171e-09,6.815729440174405e-11,6.815729440174405e-11,2.976218975024479e-10,2.976218975024479e-10,3.6577919190419196e-10,3.6577919190419196e-10,0.006526660160323454,1.520124718640573,1.0,0.4187923832293445,1.0012161421640513,1.0,0.0,0.0,input_tied,0.19204547287473472,1.013160144038115e-27,0.12459912372608362,0.5413067695156821,4.0656792509449235e-27,1.765415635176153e-06,1.764835996594498e-06,-5.796385816548577e-10,5.796385816548577e-10,12.24996910524586,12.249969115389522
16.8,4.0,9.34728425409749e-09,2.5006055676432366e-08,2.2325758799479075e-09,9.359429926104001e-09,2.5038548039151446e-08,2.2354768438675196e-09,9.407599146339897e-09,2.516741137211162e-08,2.246981943780087e-09,3.249236271908032e-11,3.249236271908032e-11,1.2886333296017465e-10,1.2886333296017465e-10,1.6135569567925497e-10,1.6135569567925497e-10,0.00645266481715983,1.5013415333766713,1.0,0.40635906399495303,1.0012993797638268,1.0,0.0,0.0,input_tied,0.2051898277720351,1.6366895868764713e-27,0.13268580337603814,0.546433925493272,6.1675384450814685e-27,3.514644177937844e-07,3.5129736422613646e-07,-1.6705356764795508e-10,1.6705356764795508e-10,12.249993849373459,12.249993852296893
17.6,4.0,3.373969309809473e-09,7.319585854357583e-09,8.429917591522123e-10,3.3774579517636634e-09,7.32715421433779e-09,8.43863402059415e-10,3.3964747983668752e-09,7.3684099071464535e-09,8.486147923358353e-10,7.568359980206747e-12,7.568359980206747e-12,4.1255692808663596e-11,4.1255692808663596e-11,4.882405278887034e-11,4.882405278887034e-11,0.006670329955868176,1.559816346703205,1.0,0.44456808785883606,1.001033987459236,1.0,0.0,0.0,input_tied,0.16328075485355162,2.2323618501004225e-27,0.10702376707827714,0.5256494824568092,1.0429280855287378e-26,5.6207073804593766e-08,5.546228976920903e-08,-7.447840353847369e-10,7.447840353847369e-10,12.249999016376224,12.249999029409944
18.4,4.0,1.7949803590232282e-09,1.9969300124387082e-09,3.8732741948561017e-10,1.7966016795096533e-09,1.9987337444532946e-09,3.876772739433536e-10,1.8071485938700737e-09,2.010467271073277e-09,3.899531256551686e-10,1.8037320145863918e-12,1.8037320145863918e-12,1.1733526619982158e-11,1.1733526619982158e-11,1.353725863456855e-11,1.353725863456855e-11,0.006779035093992333,1.5896510516836373,1.0,0.463514527796402,1.0009032524942543,1.0,0.0,0.0,input_tied,0.14263591668139713,3.1770480497800524e-27,0.09421603304878111,0.5139240325215798,1.686044268142297e-26,5.6207073804593766e-08,5.546228976920903e-08,-7.447840353847369e-10,7.447840353847369e-10,12.249999016376224,12.249999029409944
19.200000000000003,4.0,1.8603064690849132e-09,2.063041699959558e-09,3.88760954464617e-10,1.8621348956954406e-09,2.065069387550565e-09,3.8914305326720124e-10,1.8727791821255294e-09,2.076873682776388e-09,3.913674625357405e-10,2.0276875910069583e-12,2.0276875910069583e-12,1.1804295225822897e-11,1.1804295225822897e-11,1.3831982816829855e-11,1.3831982816829855e-11,0.006704654984482866,1.5704009692603986,1.0,0.4513309811859851,1.000982863114714,1.0,0.0,0.0,input_tied,0.15520752196237864,3.447517208295368e-27,0.10217329191624851,0.5190615771644347,1.6870931452033958e-26,5.6207073804593766e-08,5.546228976920903e-08,-7.447840353847369e-10,7.447840353847369e-10,12.249999016376224,12.249999029409944
20.0,4.0,0.0,0.0,0.0,1e-30,1e-30,1e-30,1.0055641423643005e-30,1.0055641423643005e-30,1.0055641423643005e-30,1e-30,1e-30,5.564142364300414e-33,5.564142364300414e-33,1.0055641423643005e-30,1.0055641423643005e-30,1.0055641423643005,1.5516627094173834,1.0,0.43932707173589636,1.000696715514015,1.0,0.0,0.0,input_tied,0.11002090405486509,0.0,0.11002090405486509,0.0,0.0,5.6207073804593766e-08,5.546228976920903e-08,-7.447840353847369e-10,7.447840353847369e-10,12.249999016376224,12.249999029409944
